13  818645.0 212736.0 674365.0 859933.0 843111.0 591428.0 244049.0 846331.0 415895.0 787450.0 168886.0 347877.0 139237.0 557674.0 338144.0 563431.0 399048.0 405019.0 321539.0 163695.0 508121.0 175204.0 604157.0 573777.0 618391.0 397973.0  0.02483130324360838
19  673332.0 860560.0 244049.0 846331.0 415895.0 787450.0 604168.0 573951.0 139237.0 557674.0 508186.0 175211.0 822503.0 732778.0 619415.0 392288.0 606522.0 437520.0 338144.0 563431.0 399048.0 405019.0 851280.0 157811.0 801751.0 318947.0 346398.0 161727.0 305617.0 164192.0 881571.0 542290.0 846762.0 546152.0 165657.0 320888.0 169315.0 355605.0  0.007164851718583359
13  858819.0 545953.0 168886.0 347877.0 139237.0 557674.0 673312.0 860548.0 822474.0 732659.0 818119.0 210648.0 610851.0 446233.0 321539.0 163695.0 508186.0 175211.0 338273.0 563491.0 399048.0 404924.0 244049.0 846331.0 415944.0 787444.0  0.013776166123204562
13  818119.0 210648.0 244049.0 846331.0 415944.0 787444.0 673312.0 860548.0 168886.0 347877.0 399048.0 404924.0 610851.0 446233.0 338273.0 563491.0 139237.0 557674.0 321539.0 163695.0 508186.0 175211.0 822474.0 732659.0 858819.0 545953.0  0.013776166123204562
9  436501.0 171494.0 608699.0 437520.0 299821.0 818593.0 841843.0 594948.0 674265.0 859761.0 367893.0 520300.0 155794.0 502990.0 801709.0 318987.0 851280.0 157811.0  0.009452887714734837
13  818645.0 212736.0 843111.0 591428.0 244049.0 846331.0 415895.0 787450.0 674365.0 859933.0 168886.0 347877.0 139237.0 557674.0 399048.0 405019.0 338144.0 563431.0 321539.0 163695.0 508121.0 175204.0 618391.0 397973.0 604157.0 573777.0  0.02483130324360838
13  818645.0 212736.0 604157.0 573777.0 618391.0 397973.0 843111.0 591428.0 674365.0 859933.0 168886.0 347877.0 139237.0 557674.0 244049.0 846331.0 415895.0 787450.0 508121.0 175204.0 321539.0 163695.0 399048.0 405019.0 338144.0 563431.0  0.02483130324360838
9  818645.0 212736.0 401730.0 172894.0 598628.0 413931.0 674288.0 859799.0 840425.0 589474.0 244049.0 846331.0 415850.0 787370.0 286568.0 559497.0 169966.0 350360.0  0.006693805374937833
13  843111.0 591428.0 618391.0 397973.0 604157.0 573777.0 674365.0 859933.0 818645.0 212736.0 168886.0 347877.0 139237.0 557674.0 244049.0 846331.0 415895.0 787450.0 508121.0 175204.0 321539.0 163695.0 338144.0 563431.0 399048.0 405019.0  0.02483130324360838
28  168886.0 347877.0 822258.0 732919.0 399077.0 405103.0 448758.0 804999.0 408745.0 785965.0 105193.0 565003.0 145247.0 557370.0 801765.0 318956.0 618231.0 407220.0 618274.0 371442.0 566609.0 567033.0 607604.0 574468.0 679054.0 860593.0 642372.0 860287.0 858477.0 540164.0 868128.0 589361.0 291973.0 118409.0 316110.0 167923.0 267478.0 848608.0 230927.0 844967.0 850911.0 153072.0 858042.0 187705.0 338458.0 214044.0 362027.0 148333.0 341945.0 565586.0 295536.0 543786.0 524397.0 210595.0 506040.0 173030.0  0.00822717222915758
13  818645.0 212736.0 843111.0 591428.0 321539.0 163695.0 508121.0 175204.0 674365.0 859933.0 168886.0 347877.0 139237.0 557674.0 338144.0 563431.0 399048.0 405019.0 618391.0 397973.0 604157.0 573777.0 244049.0 846331.0 415895.0 787450.0  0.02483130324360838
13  818645.0 212736.0 843111.0 591428.0 674365.0 859933.0 415895.0 787450.0 244049.0 846331.0 139237.0 557674.0 168886.0 347877.0 338144.0 563431.0 399048.0 405019.0 508121.0 175204.0 321539.0 163695.0 618391.0 397973.0 604157.0 573777.0  0.02483130324360838
19  168886.0 347877.0 139212.0 557674.0 801751.0 318947.0 851280.0 157811.0 321213.0 164022.0 399048.0 405019.0 673071.0 866263.0 410610.0 785432.0 244038.0 846351.0 604162.0 573815.0 618349.0 398359.0 859915.0 545959.0 822619.0 732573.0 458884.0 812560.0 680381.0 825972.0 511484.0 178919.0 480971.0 143422.0 366794.0 577739.0 330616.0 561232.0  0.006293663694569751
13  818645.0 212736.0 843111.0 591428.0 674365.0 859933.0 244049.0 846331.0 415895.0 787450.0 168886.0 347877.0 139237.0 557674.0 338144.0 563431.0 399048.0 405019.0 508121.0 175204.0 321539.0 163695.0 618391.0 397973.0 604157.0 573777.0  0.02483130324360838
4  210881.0 560207.0 400944.0 184595.0 649378.0 766154.0 814348.0 367416.0  0.004602640757349278
13  818119.0 210648.0 858819.0 545953.0 822474.0 732659.0 673312.0 860548.0 168886.0 347877.0 610851.0 446233.0 399048.0 404924.0 139237.0 557674.0 338273.0 563491.0 244049.0 846331.0 415944.0 787444.0 321539.0 163695.0 508186.0 175211.0  0.013776166123204562
13  818645.0 212736.0 843111.0 591428.0 674365.0 859933.0 415895.0 787450.0 244049.0 846331.0 168886.0 347877.0 139237.0 557674.0 399048.0 405019.0 338144.0 563431.0 508121.0 175204.0 321539.0 163695.0 618391.0 397973.0 604157.0 573777.0  0.02483130324360838
9  401730.0 172894.0 597051.0 417115.0 300273.0 818536.0 818119.0 210648.0 858057.0 546060.0 822474.0 732659.0 673242.0 860357.0 170425.0 350360.0 221613.0 560814.0  0.0072391212928289645
13  673312.0 860548.0 508186.0 175211.0 818119.0 210648.0 168886.0 347877.0 321539.0 163695.0 139237.0 557674.0 338273.0 563491.0 610851.0 446233.0 399048.0 404924.0 244049.0 846331.0 415944.0 787444.0 858819.0 545953.0 822474.0 732659.0  0.013776166123204562
13  674365.0 859933.0 818645.0 212736.0 618391.0 397973.0 604157.0 573777.0 843111.0 591428.0 338144.0 563431.0 139237.0 557674.0 244049.0 846331.0 415895.0 787450.0 508121.0 175204.0 321539.0 163695.0 168886.0 347877.0 399048.0 405019.0  0.02483130324360838
19  851280.0 157811.0 801751.0 318947.0 604162.0 573815.0 139237.0 557674.0 415850.0 787444.0 244049.0 846331.0 508144.0 175210.0 859915.0 545959.0 822574.0 732708.0 675642.0 837039.0 673267.0 870112.0 618253.0 398273.0 422158.0 409458.0 392008.0 404200.0 338144.0 563431.0 281640.0 174773.0 332707.0 162632.0 169293.0 355581.0 165657.0 320888.0  0.0067337144557844215
13  673312.0 860548.0 818119.0 210648.0 168886.0 347877.0 858819.0 545953.0 822474.0 732659.0 610851.0 446233.0 399048.0 404924.0 338273.0 563491.0 139237.0 557674.0 244049.0 846331.0 415944.0 787444.0 321539.0 163695.0 508186.0 175211.0  0.013776166123204562
19  673371.0 860576.0 859915.0 545959.0 822533.0 732758.0 168886.0 347877.0 618253.0 398273.0 244027.0 846331.0 508574.0 175576.0 394491.0 788557.0 425703.0 787000.0 138965.0 557824.0 341329.0 565575.0 289299.0 535909.0 399077.0 405103.0 604707.0 570411.0 600582.0 617846.0 851280.0 157811.0 801751.0 318947.0 310944.0 165402.0 357923.0 151612.0  0.009846352261312764
2  371281.0 762245.0 591267.0 349810.0  0.009440246743751884
13  445043.0 170837.0 673332.0 860560.0 818119.0 210648.0 859455.0 545788.0 822533.0 732758.0 399020.0 404936.0 338144.0 563431.0 139237.0 557674.0 169121.0 347681.0 604162.0 573815.0 618391.0 397973.0 415895.0 787450.0 244049.0 846331.0  0.013481897471159639
13  609911.0 446171.0 168977.0 348003.0 842616.0 596955.0 801667.0 318992.0 851280.0 157811.0 244049.0 846331.0 142265.0 557873.0 641871.0 858800.0 680634.0 859885.0 376444.0 436764.0 415672.0 787029.0 321556.0 163806.0 508186.0 175211.0  0.006096236516790907
9  436501.0 171494.0 674265.0 859761.0 299821.0 818593.0 801709.0 318987.0 851280.0 157811.0 155794.0 502990.0 367893.0 520300.0 841843.0 594948.0 608699.0 437520.0  0.009452887714734837
13  445043.0 170837.0 822533.0 732758.0 859455.0 545788.0 818119.0 210648.0 673332.0 860560.0 139237.0 557674.0 169121.0 347681.0 604162.0 573815.0 618391.0 397973.0 415895.0 787450.0 244049.0 846331.0 338144.0 563431.0 399020.0 404936.0  0.013481897471159639
19  818099.0 210572.0 230495.0 844967.0 267049.0 848608.0 822258.0 732919.0 392058.0 789631.0 139237.0 557674.0 168886.0 347877.0 500292.0 173149.0 321344.0 163852.0 535564.0 194925.0 618406.0 398187.0 338084.0 563384.0 399048.0 405019.0 604162.0 573815.0 673332.0 860560.0 858151.0 536438.0 862117.0 582116.0 419227.0 778810.0 448519.0 818594.0  0.006478631039707545
9  443618.0 170991.0 415739.0 787351.0 244049.0 846331.0 851280.0 157811.0 802591.0 322233.0 722818.0 810758.0 626539.0 544283.0 377588.0 434251.0 158871.0 521714.0  0.005339698081890382
