507892.0 176059.0 326800.0 818471.0 141004.0 557993.0 611479.0 480164.0 842663.0 629071.0 369430.0 480996.0 168295.0 347724.0 320602.0 161521.0 676734.0 857857.0 827433.0 237786.0 0.0534687043599917
619000.0 398428.0 326800.0 818471.0 605475.0 574663.0 843950.0 629184.0 827978.0 237293.0 232223.0 559916.0 168711.0 346073.0 399017.0 410797.0 676734.0 857857.0 416754.0 168273.0 0.050456144275579734
317773.0 164736.0 399287.0 404524.0 612138.0 480650.0 842663.0 629071.0 827433.0 237786.0 326800.0 818471.0 332555.0 562970.0 151229.0 454529.0 676734.0 857857.0 507818.0 175610.0 0.1999200324463426
617178.0 398646.0 141004.0 557993.0 416754.0 168273.0 735529.0 809258.0 857184.0 560857.0 327658.0 818571.0 606574.0 574455.0 169270.0 345656.0 369091.0 481230.0 827864.0 235916.0 0.048466770289199865
398870.0 404924.0 168840.0 345737.0 337565.0 562157.0 607006.0 573801.0 783067.0 716313.0 329503.0 819054.0 623421.0 400305.0 139682.0 558123.0 416754.0 168273.0 828401.0 239679.0 0.1440530736815756
612264.0 480832.0 139395.0 558143.0 337264.0 562123.0 326800.0 818471.0 842663.0 629071.0 400011.0 404474.0 676734.0 857857.0 168840.0 345737.0 417020.0 168398.0 827433.0 237786.0 0.19869210959346034
606574.0 574455.0 151962.0 452067.0 619000.0 398428.0 326800.0 818471.0 843950.0 629184.0 398523.0 404865.0 676734.0 857857.0 415435.0 168554.0 332172.0 563004.0 827978.0 237293.0 0.19162962716835896
736340.0 808967.0 153468.0 455027.0 415435.0 168554.0 244654.0 847642.0 857184.0 560857.0 368388.0 481172.0 617178.0 398646.0 606574.0 574455.0 419220.0 787783.0 827864.0 235916.0 0.0499439617243128
419596.0 787364.0 151962.0 452067.0 827316.0 236420.0 244654.0 847642.0 856477.0 561123.0 399287.0 404524.0 735920.0 808254.0 612636.0 480385.0 332172.0 563004.0 415700.0 168678.0 0.18714673514183916
337565.0 562157.0 139682.0 558123.0 827339.0 236674.0 327658.0 818571.0 417020.0 168398.0 399634.0 404581.0 856571.0 562312.0 734688.0 808829.0 168840.0 345737.0 612518.0 480663.0 0.18596180198601697
399055.0 409914.0 676734.0 857857.0 827978.0 237293.0 605475.0 574663.0 416754.0 168273.0 326800.0 818471.0 843950.0 629184.0 232708.0 559949.0 168711.0 346073.0 619000.0 398428.0 0.05045037261132797
416754.0 168273.0 617178.0 398646.0 857184.0 560857.0 735529.0 809258.0 827864.0 235916.0 141004.0 557993.0 606574.0 574455.0 169270.0 345656.0 327658.0 818571.0 369091.0 481230.0 0.048466770289199865
168840.0 345737.0 828401.0 239679.0 783067.0 716313.0 607006.0 573801.0 398870.0 404924.0 139682.0 558123.0 337565.0 562157.0 416754.0 168273.0 329503.0 819054.0 623421.0 400305.0 0.1440530736815756
168711.0 346073.0 827978.0 237293.0 676734.0 857857.0 619000.0 398428.0 398990.0 411690.0 231730.0 559873.0 843950.0 629184.0 416754.0 168273.0 326800.0 818471.0 605475.0 574663.0 0.050456144275579734
151962.0 452067.0 619000.0 398428.0 827978.0 237293.0 398523.0 404865.0 844046.0 628982.0 332172.0 563004.0 606574.0 574455.0 415435.0 168554.0 326800.0 818471.0 677013.0 857598.0 0.19162962716835896
139682.0 558123.0 337565.0 562157.0 842663.0 629071.0 168840.0 345737.0 612138.0 480650.0 399634.0 404581.0 827433.0 237786.0 417020.0 168398.0 326800.0 818471.0 676734.0 857857.0 0.19869210959346034
141004.0 557993.0 678034.0 857998.0 842663.0 629071.0 244654.0 847642.0 611472.0 479654.0 169270.0 345656.0 827433.0 237786.0 417020.0 168398.0 369430.0 480996.0 418183.0 786581.0 0.10215899862730965
167727.0 348147.0 612538.0 481228.0 856477.0 561123.0 735321.0 808769.0 320602.0 161521.0 233010.0 560030.0 827316.0 236420.0 508062.0 176011.0 399939.0 410069.0 327658.0 818571.0 0.04916336393444179
606574.0 574455.0 617178.0 398646.0 827864.0 235916.0 735529.0 809258.0 141004.0 557993.0 369091.0 481230.0 857184.0 560857.0 416754.0 168273.0 169270.0 345656.0 327658.0 818571.0 0.048466770289199865
735529.0 809258.0 827864.0 235916.0 857184.0 560857.0 369091.0 481230.0 141004.0 557993.0 617178.0 398646.0 327658.0 818571.0 416754.0 168273.0 169270.0 345656.0 606574.0 574455.0 0.048466770289199865
606574.0 574455.0 827978.0 237293.0 676734.0 857857.0 169270.0 345656.0 369091.0 481230.0 141004.0 557993.0 617178.0 398646.0 416754.0 168273.0 326800.0 818471.0 843950.0 629184.0 0.052104669804796
858119.0 543291.0 827272.0 235667.0 669604.0 862576.0 326800.0 818471.0 399939.0 410069.0 233010.0 560030.0 612560.0 481251.0 417020.0 168398.0 168711.0 346073.0 822688.0 730558.0 0.03523147813138111
827978.0 237293.0 617231.0 399067.0 843950.0 629184.0 326800.0 818471.0 606574.0 574455.0 152698.0 457292.0 507039.0 175035.0 368467.0 481414.0 316917.0 165672.0 676734.0 857857.0 0.052104669804796
332172.0 563004.0 827272.0 235667.0 822688.0 730558.0 326800.0 818471.0 612687.0 481434.0 151962.0 452067.0 669604.0 862576.0 399664.0 404418.0 415700.0 168678.0 858119.0 543291.0 0.18714673514183916
168840.0 345737.0 828401.0 239679.0 607006.0 573801.0 139682.0 558123.0 329503.0 819054.0 398870.0 404924.0 623421.0 400305.0 337565.0 562157.0 416754.0 168273.0 783067.0 716313.0 0.1440530736815756
399692.0 411753.0 827316.0 236420.0 856477.0 561123.0 419588.0 784109.0 244654.0 847642.0 612636.0 480385.0 417020.0 168398.0 230408.0 559522.0 168711.0 346073.0 735920.0 808254.0 0.10126696169833281
415700.0 168678.0 827316.0 236420.0 856477.0 561123.0 244654.0 847642.0 612636.0 480385.0 419596.0 787364.0 332172.0 563004.0 151962.0 452067.0 399287.0 404524.0 735920.0 808254.0 0.18714673514183916
282594.0 376080.0 827316.0 236420.0 856108.0 561223.0 234169.0 559437.0 507892.0 176059.0 735657.0 808359.0 244654.0 847642.0 609361.0 478535.0 320563.0 161181.0 419117.0 783832.0 0.09809192756016939
232708.0 559949.0 827978.0 237293.0 676734.0 857857.0 399055.0 409914.0 416754.0 168273.0 605475.0 574663.0 326800.0 818471.0 619000.0 398428.0 168711.0 346073.0 843950.0 629184.0 0.05045037261132797
151962.0 452067.0 606574.0 574455.0 735529.0 809258.0 827864.0 235916.0 619000.0 398428.0 398523.0 404865.0 332172.0 563004.0 415435.0 168554.0 327658.0 818571.0 857184.0 560857.0 0.18596180198601697
