507818.0 175610.0 244654.0 847642.0 194838.0 549324.0 406660.0 403949.0 605974.0 553537.0 339732.0 562965.0 167856.0 347812.0 320602.0 161521.0 417799.0 787001.0 721487.0 353667.0 858871.0 545579.0 125061.0 560275.0 823421.0 731145.0 670929.0 862765.0 850528.0 159121.0 0.01579102443177542
619060.0 398854.0 244654.0 847642.0 670929.0 862765.0 318474.0 554534.0 507818.0 175610.0 398870.0 404924.0 320602.0 161521.0 167856.0 347812.0 823421.0 731145.0 858527.0 543111.0 606574.0 574455.0 138851.0 558149.0 366175.0 574391.0 417799.0 787001.0 827823.0 235157.0 0.002366437333371353
623953.0 586444.0 244654.0 847642.0 670929.0 862765.0 417799.0 787001.0 398870.0 404924.0 507818.0 175610.0 619224.0 398613.0 167856.0 347812.0 823421.0 731145.0 858527.0 543111.0 582510.0 557343.0 320602.0 161521.0 337264.0 562123.0 139395.0 558143.0 827823.0 235157.0 0.005313917062257863
823421.0 731145.0 244654.0 847642.0 670929.0 862765.0 337565.0 562157.0 606574.0 574455.0 507818.0 175610.0 371264.0 390845.0 139682.0 558123.0 417799.0 787001.0 858527.0 543111.0 619060.0 398854.0 413909.0 412779.0 320602.0 161521.0 167529.0 347702.0 827823.0 235157.0 0.006251727157110858
669604.0 862576.0 194838.0 549324.0 621647.0 399339.0 125061.0 560275.0 606574.0 574455.0 507818.0 175610.0 486973.0 396771.0 393680.0 405157.0 326800.0 818471.0 858527.0 543111.0 823421.0 731145.0 339732.0 562965.0 320602.0 161521.0 167856.0 347812.0 827823.0 235157.0 0.01176004165988545
337264.0 562123.0 490732.0 160991.0 606574.0 574455.0 139395.0 558143.0 857184.0 560857.0 398555.0 404855.0 319480.0 162073.0 604130.0 396695.0 244654.0 847642.0 661873.0 405582.0 736340.0 808967.0 419220.0 787783.0 528945.0 194199.0 167856.0 347812.0 827864.0 235916.0 0.005083420377995524
370972.0 389955.0 326800.0 818471.0 593846.0 572143.0 139395.0 558143.0 859509.0 545905.0 413909.0 412779.0 416876.0 168114.0 663092.0 583432.0 337264.0 562123.0 823421.0 731145.0 618032.0 398739.0 669604.0 862576.0 801616.0 321123.0 168521.0 345622.0 852058.0 157685.0 0.005074804616891142
244654.0 847642.0 417799.0 787001.0 606574.0 574455.0 167856.0 347812.0 827823.0 235157.0 635769.0 393567.0 320602.0 161521.0 823421.0 731145.0 670929.0 862765.0 858527.0 543111.0 397996.0 404787.0 337565.0 562157.0 507818.0 175610.0 139682.0 558123.0 582976.0 409861.0 0.01383438955736782
337264.0 562123.0 624351.0 586129.0 823421.0 731145.0 139395.0 558143.0 635755.0 393156.0 582976.0 409861.0 167856.0 347812.0 827823.0 235157.0 669604.0 862576.0 858527.0 543111.0 320602.0 161521.0 582895.0 558045.0 326800.0 818471.0 397996.0 404787.0 507818.0 175610.0 0.004313542508113111
418738.0 787511.0 734189.0 810862.0 801616.0 321123.0 139395.0 558143.0 606574.0 574455.0 455783.0 392053.0 167856.0 347812.0 852058.0 157685.0 244654.0 847642.0 856919.0 566696.0 507818.0 175610.0 390901.0 406604.0 337264.0 562123.0 320602.0 161521.0 619224.0 399900.0 0.013859886189777524
592391.0 562175.0 669604.0 862576.0 858947.0 546259.0 139682.0 558123.0 337565.0 562157.0 507818.0 175610.0 801616.0 321123.0 852058.0 157685.0 326800.0 818471.0 823421.0 731145.0 320602.0 161521.0 634691.0 597073.0 398870.0 404924.0 167856.0 347812.0 618027.0 398910.0 0.009202365130054601
398870.0 404924.0 735913.0 809252.0 857425.0 563525.0 167856.0 347812.0 139682.0 558123.0 356436.0 132417.0 508888.0 176440.0 852058.0 157685.0 419220.0 787783.0 606574.0 574455.0 244654.0 847642.0 617926.0 399415.0 801616.0 321123.0 308285.0 172516.0 337565.0 562157.0 0.008152550429172695
671390.0 862401.0 830441.0 705324.0 833219.0 435004.0 332555.0 562970.0 244654.0 847642.0 842871.0 173856.0 624983.0 432689.0 408856.0 390341.0 151229.0 454529.0 606389.0 575216.0 417799.0 787001.0 507039.0 175035.0 615424.0 382204.0 316922.0 165230.0 385237.0 423540.0 0.0033125209520093526
670929.0 862765.0 593324.0 615554.0 619106.0 397924.0 337264.0 562123.0 417799.0 787001.0 416754.0 168273.0 859073.0 542747.0 244654.0 847642.0 168840.0 345737.0 669001.0 581938.0 139395.0 558143.0 827823.0 235157.0 398870.0 404924.0 596296.0 559970.0 823421.0 731145.0 0.00977096504403388
670929.0 862765.0 244654.0 847642.0 337565.0 562157.0 417799.0 787001.0 139682.0 558123.0 320602.0 161521.0 859073.0 542747.0 398870.0 404924.0 167856.0 347812.0 594328.0 571912.0 507818.0 175610.0 827823.0 235157.0 619224.0 398613.0 664700.0 585046.0 823421.0 731145.0 0.011606667165905263
670929.0 862765.0 244654.0 847642.0 593846.0 572143.0 337264.0 562123.0 417799.0 787001.0 139395.0 558143.0 827823.0 235157.0 398870.0 404924.0 167856.0 347812.0 663092.0 583432.0 320602.0 161521.0 823421.0 731145.0 619224.0 398613.0 507818.0 175610.0 859073.0 542747.0 0.011336530238371228
398870.0 404924.0 419705.0 788069.0 592615.0 581032.0 139682.0 558123.0 244654.0 847642.0 167856.0 347812.0 827844.0 235660.0 337565.0 562157.0 507818.0 175610.0 737628.0 807863.0 320602.0 161521.0 857837.0 558008.0 614613.0 516495.0 618328.0 396319.0 666862.0 589293.0 0.009550844067297408
593846.0 572143.0 663092.0 583432.0 337565.0 562157.0 139682.0 558123.0 326800.0 818471.0 507818.0 175610.0 827823.0 235157.0 420849.0 417929.0 167529.0 347702.0 823421.0 731145.0 381158.0 394705.0 669604.0 862576.0 320602.0 161521.0 619224.0 398613.0 859073.0 542747.0 0.0034335766972906313
606574.0 574455.0 617601.0 399504.0 398555.0 404855.0 167856.0 347812.0 337565.0 562157.0 823421.0 731145.0 852058.0 157685.0 801616.0 321123.0 320602.0 161521.0 244654.0 847642.0 417799.0 787001.0 670929.0 862765.0 139682.0 558123.0 507818.0 175610.0 858947.0 546259.0 0.2968636560489283
320602.0 161521.0 390901.0 406604.0 455783.0 392053.0 167856.0 347812.0 349034.0 566772.0 736340.0 808967.0 606574.0 574455.0 827864.0 235916.0 507818.0 175610.0 419220.0 787783.0 244654.0 847642.0 283176.0 545552.0 136671.0 558362.0 620359.0 399325.0 857184.0 560857.0 0.01358107182141566
320602.0 161521.0 349034.0 566772.0 507818.0 175610.0 167856.0 347812.0 398870.0 404924.0 670929.0 862765.0 823421.0 731145.0 858527.0 543111.0 606574.0 574455.0 417799.0 787001.0 244654.0 847642.0 283176.0 545552.0 136671.0 558362.0 827823.0 235157.0 619060.0 398854.0 0.00915110700142058
634691.0 597073.0 138851.0 558149.0 507818.0 175610.0 320602.0 161521.0 366175.0 574391.0 417799.0 787001.0 619166.0 398351.0 844046.0 628982.0 398870.0 404924.0 678312.0 857735.0 244654.0 847642.0 318474.0 554534.0 167856.0 347812.0 827978.0 237293.0 592391.0 562175.0 0.002065036199342814
507558.0 175386.0 337565.0 562157.0 599047.0 373197.0 320602.0 161521.0 607064.0 576394.0 735102.0 809543.0 327658.0 818571.0 857277.0 562052.0 402207.0 390831.0 642896.0 401974.0 391557.0 431734.0 139682.0 558123.0 167856.0 347812.0 827887.0 236173.0 597153.0 444175.0 0.004280531398941548
827823.0 235157.0 337264.0 562123.0 167529.0 347702.0 320563.0 161181.0 584011.0 409626.0 823421.0 731145.0 669604.0 862576.0 606574.0 574455.0 507818.0 175610.0 635876.0 393505.0 326800.0 818471.0 139395.0 558143.0 368886.0 387073.0 858527.0 543111.0 411258.0 412593.0 0.0051440409470205695
827823.0 235157.0 397996.0 404787.0 167856.0 347812.0 582976.0 409861.0 858527.0 543111.0 337565.0 562157.0 417799.0 787001.0 606574.0 574455.0 507818.0 175610.0 635769.0 393567.0 244654.0 847642.0 320602.0 161521.0 670929.0 862765.0 823421.0 731145.0 139682.0 558123.0 0.01383438955736782
857425.0 563525.0 617870.0 398983.0 366175.0 574391.0 852058.0 157685.0 801616.0 321123.0 318474.0 554534.0 370972.0 389955.0 419220.0 787783.0 168521.0 345622.0 413909.0 412779.0 244654.0 847642.0 416876.0 168114.0 735913.0 809252.0 606574.0 574455.0 138851.0 558149.0 0.0052918565765522575
858947.0 546259.0 606574.0 574455.0 317773.0 164736.0 852058.0 157685.0 801616.0 321123.0 420849.0 417929.0 332555.0 562970.0 417799.0 787001.0 151229.0 454529.0 507818.0 175610.0 244654.0 847642.0 381158.0 394705.0 823421.0 731145.0 617926.0 399415.0 670929.0 862765.0 0.003601356451893686
593846.0 572143.0 816133.0 745238.0 320602.0 161521.0 827814.0 234912.0 663092.0 583432.0 139682.0 558123.0 398870.0 404924.0 326800.0 818471.0 167856.0 347812.0 507818.0 175610.0 669604.0 862576.0 337565.0 562157.0 619224.0 398613.0 840899.0 695449.0 859057.0 541384.0 0.003336197573427878
592391.0 562175.0 618027.0 398910.0 320602.0 161521.0 852058.0 157685.0 167856.0 347812.0 138851.0 558149.0 634691.0 597073.0 326800.0 818471.0 398870.0 404924.0 507818.0 175610.0 676734.0 857857.0 802634.0 324907.0 366175.0 574391.0 318474.0 554534.0 844029.0 631610.0 0.0019209422937334934
618027.0 398910.0 592391.0 562175.0 507818.0 175610.0 801616.0 321123.0 167856.0 347812.0 398870.0 404924.0 418738.0 787511.0 244654.0 847642.0 139682.0 558123.0 320602.0 161521.0 734189.0 810862.0 852058.0 157685.0 634691.0 597073.0 337565.0 562157.0 856919.0 566696.0 0.00990744655601521
