494127.0 163214.0 230846.0 836407.0 178184.0 552198.0 398555.0 404855.0 606204.0 574295.0 292916.0 544605.0 164029.0 377526.0 305526.0 169545.0 417799.0 787001.0 801336.0 320449.0 872737.0 553637.0 121466.0 561319.0 822492.0 735142.0 650115.0 839426.0 852058.0 157685.0 842708.0 512358.0 398498.0 588103.0 682677.0 875939.0 270086.0 868333.0 357576.0 141401.0 617601.0 399504.0 530418.0 196489.0 169660.0 332790.0 827864.0 609622.0 341339.0 563454.0 0.0027233475541654033
336913.0 562015.0 270086.0 868333.0 139437.0 558429.0 373881.0 420862.0 608659.0 563175.0 417799.0 787001.0 172697.0 378038.0 371508.0 359228.0 670929.0 862765.0 672118.0 410662.0 802740.0 320729.0 557913.0 558564.0 859509.0 545905.0 595305.0 620980.0 852058.0 157685.0 414227.0 408344.0 320379.0 160879.0 823421.0 731145.0 230846.0 836407.0 561643.0 401193.0 615870.0 412585.0 507558.0 175386.0 164799.0 333307.0 620538.0 362206.0 674538.0 585349.0 0.006147551389359643
596296.0 559970.0 101465.0 590392.0 190245.0 556337.0 417799.0 787001.0 663896.0 404973.0 368076.0 574671.0 670929.0 862765.0 286953.0 154203.0 594054.0 615424.0 799522.0 313541.0 605242.0 396290.0 420849.0 417929.0 860027.0 547787.0 134216.0 547599.0 828539.0 388644.0 381158.0 394705.0 342672.0 166744.0 669695.0 581394.0 244654.0 847642.0 529646.0 195482.0 823421.0 731145.0 492800.0 161956.0 167529.0 347702.0 321023.0 555371.0 852058.0 157685.0 0.005552952944734505
371264.0 390845.0 852058.0 157685.0 660701.0 580448.0 229998.0 858693.0 859433.0 531843.0 349034.0 566772.0 586534.0 547948.0 530418.0 196489.0 417799.0 787001.0 666797.0 407094.0 595441.0 429475.0 599631.0 590500.0 856097.0 595151.0 136671.0 558362.0 610951.0 381694.0 305526.0 169545.0 413485.0 412706.0 670929.0 862765.0 269043.0 829252.0 357576.0 141401.0 822447.0 734224.0 494127.0 163214.0 167529.0 347702.0 283176.0 545552.0 802463.0 320044.0 0.00423454156606015
465777.0 142585.0 859472.0 545569.0 673404.0 402624.0 591123.0 619624.0 852058.0 157685.0 244654.0 847642.0 668355.0 583885.0 338325.0 166266.0 366175.0 574391.0 802598.0 320380.0 620740.0 384827.0 566307.0 379630.0 823421.0 731145.0 138851.0 558149.0 608204.0 435856.0 282586.0 155858.0 318474.0 554534.0 596476.0 562111.0 417799.0 787001.0 167529.0 347702.0 670929.0 862765.0 516806.0 183285.0 403108.0 435380.0 381817.0 394269.0 437430.0 394198.0 0.0031017981178523683
167529.0 347702.0 596598.0 561112.0 852675.0 157386.0 668304.0 878162.0 805699.0 328058.0 179831.0 551838.0 591820.0 618529.0 343390.0 162914.0 585427.0 409553.0 778901.0 267411.0 417799.0 787001.0 824102.0 730560.0 859509.0 545905.0 121722.0 560854.0 368076.0 574671.0 366845.0 363105.0 321023.0 555371.0 635406.0 393185.0 244654.0 847642.0 394666.0 416274.0 678338.0 829650.0 285960.0 157786.0 508053.0 175644.0 442509.0 394980.0 668179.0 582177.0 0.01054249131595011
165373.0 364246.0 410517.0 751797.0 859073.0 542747.0 670929.0 862765.0 440606.0 396210.0 366897.0 360146.0 827823.0 235157.0 344267.0 162587.0 591607.0 373131.0 459770.0 807344.0 402784.0 798102.0 823421.0 731145.0 671133.0 590165.0 139395.0 558143.0 606749.0 574212.0 171070.0 320523.0 336913.0 562015.0 640530.0 395976.0 244069.0 847518.0 389022.0 406182.0 557172.0 569590.0 287176.0 158471.0 507793.0 175420.0 605578.0 440179.0 406171.0 442790.0 0.0133278925600558
167529.0 347702.0 368076.0 574671.0 859733.0 521255.0 678338.0 829650.0 321023.0 555371.0 668304.0 878162.0 827800.0 234206.0 516939.0 183303.0 417799.0 787001.0 244654.0 847642.0 627167.0 570064.0 823146.0 733647.0 441385.0 394402.0 122212.0 560783.0 597188.0 621856.0 575522.0 559958.0 366845.0 363105.0 625511.0 440577.0 180915.0 551657.0 394666.0 416274.0 854904.0 583866.0 318014.0 161752.0 465177.0 143931.0 574380.0 391456.0 632750.0 385625.0 0.009082577208494966
350967.0 164596.0 591843.0 563896.0 859493.0 548601.0 365438.0 371337.0 337264.0 562123.0 411096.0 754292.0 852058.0 157685.0 508257.0 175990.0 459403.0 807029.0 401751.0 799378.0 823650.0 730928.0 637354.0 843384.0 683421.0 869558.0 244069.0 847518.0 139395.0 558143.0 635797.0 596563.0 442480.0 394036.0 620227.0 379679.0 167529.0 347702.0 396239.0 416912.0 799793.0 314852.0 294596.0 157551.0 832355.0 400716.0 586130.0 416069.0 659365.0 419518.0 0.0067913435340446315
171070.0 320523.0 455409.0 400833.0 856339.0 594845.0 320563.0 161181.0 404854.0 777395.0 366175.0 574391.0 852058.0 157685.0 507818.0 175610.0 351891.0 378832.0 318474.0 554534.0 592357.0 573999.0 822447.0 734224.0 654487.0 579233.0 244654.0 847642.0 398537.0 398173.0 400578.0 441153.0 859353.0 531718.0 599021.0 433944.0 165373.0 364246.0 138851.0 558149.0 802463.0 320044.0 610400.0 381958.0 450525.0 811288.0 667409.0 405753.0 670929.0 862765.0 0.019447633836158846
402245.0 408483.0 852675.0 157386.0 858947.0 546259.0 367625.0 359993.0 270086.0 868333.0 678338.0 829650.0 777313.0 273739.0 507818.0 175610.0 374180.0 432983.0 404554.0 776745.0 583720.0 555146.0 824102.0 730560.0 630608.0 413419.0 230846.0 836407.0 450153.0 395725.0 668304.0 878162.0 448799.0 811006.0 320379.0 160879.0 123308.0 560501.0 186599.0 551086.0 805985.0 328713.0 598464.0 375217.0 338826.0 562550.0 167529.0 347702.0 622401.0 588191.0 0.014415454343388078
413485.0 412706.0 852058.0 157685.0 802256.0 320211.0 320602.0 161521.0 121592.0 560818.0 459770.0 807344.0 341339.0 563454.0 371264.0 390845.0 507558.0 175386.0 410517.0 751797.0 591715.0 433879.0 856097.0 595151.0 592357.0 573999.0 244069.0 847518.0 859433.0 531843.0 670929.0 862765.0 402784.0 798102.0 601308.0 368878.0 178463.0 552274.0 822447.0 734224.0 641345.0 403192.0 167529.0 347702.0 292916.0 544605.0 398498.0 588103.0 654487.0 579233.0 0.0036953860479579798
394666.0 416274.0 611157.0 532575.0 827823.0 235157.0 320379.0 160879.0 167529.0 347702.0 105818.0 568245.0 674538.0 585349.0 597989.0 629517.0 606326.0 575732.0 337507.0 562168.0 159693.0 552120.0 673159.0 405221.0 531826.0 545270.0 605954.0 433112.0 859073.0 542747.0 670929.0 862765.0 417799.0 787001.0 442509.0 394980.0 507818.0 175610.0 823421.0 731145.0 620973.0 384702.0 567585.0 378531.0 244654.0 847642.0 366845.0 363105.0 562919.0 574958.0 0.028694752932624055
282254.0 545541.0 417799.0 787001.0 663628.0 404240.0 294611.0 159303.0 136707.0 558658.0 162047.0 375248.0 605410.0 396139.0 348806.0 566613.0 570732.0 567601.0 628967.0 578943.0 670929.0 862765.0 595505.0 625179.0 802740.0 320729.0 445726.0 394834.0 858947.0 546259.0 609431.0 531200.0 272742.0 834230.0 170602.0 331765.0 366845.0 363105.0 823421.0 731145.0 852058.0 157685.0 395035.0 415995.0 228400.0 855403.0 508686.0 176260.0 352132.0 161615.0 0.006170171715455432
575313.0 409364.0 404554.0 776745.0 171070.0 320523.0 490732.0 160991.0 139395.0 558143.0 337264.0 562123.0 635830.0 413818.0 622033.0 366911.0 670929.0 862765.0 407601.0 442324.0 814245.0 746269.0 319248.0 161427.0 802256.0 320211.0 840616.0 702804.0 872446.0 557686.0 389081.0 406283.0 244654.0 847642.0 365917.0 360390.0 835794.0 524996.0 606396.0 574711.0 852058.0 157685.0 439400.0 393440.0 448799.0 811006.0 528945.0 194199.0 165373.0 364246.0 0.014486069651648167
823421.0 731145.0 591123.0 619624.0 668355.0 583885.0 539177.0 199227.0 122212.0 560783.0 180915.0 551657.0 336912.0 172089.0 596476.0 562111.0 417799.0 787001.0 321023.0 555371.0 670929.0 862765.0 435180.0 116621.0 859073.0 542747.0 413101.0 412770.0 606554.0 435481.0 562270.0 382519.0 244654.0 847642.0 285142.0 151190.0 619914.0 383441.0 670951.0 405770.0 827823.0 235157.0 371264.0 390845.0 368076.0 574671.0 500493.0 172387.0 167529.0 347702.0 0.010788022554455509
683064.0 869130.0 272742.0 834230.0 319248.0 161427.0 490732.0 160991.0 122212.0 560783.0 366565.0 574512.0 468693.0 395413.0 407728.0 442587.0 417449.0 786859.0 320323.0 554802.0 634622.0 843052.0 402351.0 400943.0 623953.0 586444.0 356596.0 411510.0 582510.0 557343.0 858947.0 546259.0 228400.0 855403.0 528945.0 194199.0 823650.0 730928.0 852058.0 157685.0 801616.0 321123.0 378258.0 352900.0 180915.0 551657.0 619394.0 399655.0 167529.0 347702.0 0.01560307599440093
670929.0 862765.0 450525.0 811288.0 320379.0 160879.0 386617.0 362312.0 122212.0 560783.0 321023.0 555371.0 673136.0 375370.0 180915.0 551657.0 404854.0 777395.0 368076.0 574671.0 823421.0 731145.0 364517.0 413512.0 827823.0 235157.0 586109.0 430849.0 559925.0 562922.0 631167.0 410046.0 244654.0 847642.0 413801.0 413183.0 597717.0 622294.0 507558.0 175386.0 859073.0 542747.0 600312.0 368011.0 673633.0 585398.0 608494.0 562664.0 167529.0 347702.0 0.01342015523797864
683064.0 869130.0 634622.0 843052.0 285960.0 157786.0 529727.0 196171.0 139682.0 558123.0 573351.0 391552.0 365272.0 356737.0 337565.0 562157.0 417449.0 786859.0 822682.0 734009.0 592227.0 573864.0 654848.0 580883.0 632750.0 385625.0 342987.0 162911.0 827804.0 234671.0 270086.0 868333.0 230846.0 836407.0 368592.0 414600.0 857194.0 590402.0 493623.0 162289.0 858455.0 525775.0 411460.0 397611.0 414347.0 441846.0 625481.0 441400.0 167529.0 347702.0 0.01835561460409894
568621.0 490624.0 122212.0 560783.0 371264.0 390845.0 320602.0 161521.0 180915.0 551657.0 670929.0 862765.0 852058.0 157685.0 368076.0 574671.0 244654.0 847642.0 823421.0 731145.0 606338.0 589759.0 608321.0 430281.0 676298.0 585079.0 413101.0 412770.0 611496.0 541102.0 321023.0 555371.0 417799.0 787001.0 563569.0 382576.0 859509.0 545905.0 673159.0 405221.0 802740.0 320729.0 507818.0 175610.0 560161.0 574904.0 620629.0 383265.0 167529.0 347702.0 0.007535638294319644
167529.0 347702.0 362454.0 393324.0 608814.0 563175.0 320602.0 161521.0 412621.0 440097.0 823421.0 731145.0 820897.0 161839.0 244654.0 847642.0 404554.0 776745.0 674538.0 585349.0 597717.0 622294.0 865042.0 156453.0 859509.0 545905.0 670929.0 862765.0 321023.0 555371.0 410473.0 396069.0 560456.0 560326.0 368076.0 574671.0 660360.0 410625.0 605096.0 394730.0 802816.0 321496.0 507818.0 175610.0 448799.0 811006.0 180915.0 551657.0 122212.0 560783.0 0.02204861435259787
167529.0 347702.0 420849.0 417929.0 802463.0 320044.0 339190.0 168788.0 663265.0 404242.0 668211.0 588786.0 285562.0 152653.0 244654.0 847642.0 321023.0 555371.0 668304.0 878162.0 463477.0 138125.0 852058.0 157685.0 872040.0 560118.0 678338.0 829650.0 180915.0 551657.0 515593.0 182943.0 417799.0 787001.0 603125.0 557837.0 840147.0 523093.0 604975.0 396140.0 578818.0 601120.0 381158.0 394705.0 823950.0 730818.0 368076.0 574671.0 122212.0 560783.0 0.005552952944734505
167529.0 347702.0 862781.0 562203.0 852182.0 511211.0 529646.0 195482.0 492800.0 161956.0 805875.0 327712.0 286953.0 154203.0 670929.0 862765.0 349034.0 566772.0 823261.0 731693.0 342672.0 166744.0 852644.0 157120.0 424631.0 389431.0 244654.0 847642.0 386498.0 411974.0 599919.0 370562.0 417799.0 787001.0 611861.0 416133.0 669248.0 401736.0 668211.0 588786.0 782281.0 270183.0 283176.0 545552.0 603153.0 559332.0 578422.0 601264.0 136671.0 558362.0 0.006456526547642291
164799.0 333307.0 832355.0 400716.0 799793.0 314852.0 393751.0 438405.0 663439.0 416311.0 617703.0 361375.0 320379.0 160879.0 596649.0 621278.0 455409.0 400833.0 823421.0 731145.0 360383.0 364309.0 852058.0 157685.0 283176.0 545552.0 670929.0 862765.0 172697.0 378038.0 859493.0 548601.0 603365.0 409687.0 398875.0 399882.0 349034.0 566772.0 507558.0 175386.0 628426.0 571218.0 244654.0 847642.0 417799.0 787001.0 578628.0 556047.0 136707.0 558658.0 0.01376745218652285
591639.0 584577.0 417799.0 787001.0 667428.0 589902.0 492800.0 161956.0 823421.0 731145.0 802740.0 320729.0 622613.0 364340.0 549553.0 392111.0 368076.0 574671.0 859509.0 545905.0 342672.0 166744.0 852058.0 157685.0 167856.0 347812.0 670929.0 862765.0 286953.0 154203.0 671820.0 411192.0 612560.0 412659.0 400262.0 390497.0 391593.0 431924.0 529646.0 195482.0 180915.0 551657.0 244654.0 847642.0 321023.0 555371.0 605823.0 535467.0 122212.0 560783.0 0.00744230553071202
822447.0 734224.0 406531.0 441938.0 670929.0 862765.0 585230.0 408950.0 450525.0 811288.0 805767.0 328239.0 635085.0 392478.0 630439.0 540686.0 366175.0 574391.0 586599.0 572709.0 167529.0 347702.0 852644.0 157120.0 318474.0 554534.0 856097.0 595151.0 366897.0 360146.0 389022.0 406182.0 782281.0 270183.0 507818.0 175610.0 859489.0 532250.0 320379.0 160879.0 244654.0 847642.0 404854.0 777395.0 441327.0 395611.0 630985.0 608595.0 138851.0 558149.0 0.016065028916672768
822992.0 732195.0 510613.0 178309.0 552838.0 575276.0 336913.0 562015.0 670929.0 862765.0 863080.0 170407.0 167529.0 347702.0 627215.0 417017.0 634104.0 368998.0 624512.0 600473.0 368839.0 381304.0 802256.0 320211.0 139395.0 558143.0 865512.0 567152.0 835356.0 138406.0 408973.0 413116.0 856350.0 517821.0 391299.0 131822.0 568122.0 399061.0 310729.0 165451.0 229998.0 858693.0 417799.0 787001.0 605330.0 558442.0 741778.0 582557.0 269043.0 829252.0 0.018437633342161794
823421.0 731145.0 343534.0 163949.0 663364.0 415084.0 391825.0 389555.0 670929.0 862765.0 852058.0 157685.0 376467.0 429462.0 617703.0 361375.0 366175.0 574391.0 658060.0 586775.0 167529.0 347702.0 799793.0 314852.0 244654.0 847642.0 833537.0 396481.0 507793.0 175420.0 435559.0 416345.0 829732.0 542542.0 285960.0 157786.0 604610.0 534322.0 590431.0 584729.0 138851.0 558149.0 417799.0 787001.0 602728.0 409314.0 875562.0 551291.0 318474.0 554534.0 0.006249556294091925
398498.0 588103.0 395343.0 415968.0 560456.0 560326.0 673633.0 585398.0 670929.0 862765.0 856514.0 147454.0 292916.0 544605.0 365163.0 364417.0 341339.0 563454.0 802199.0 322505.0 167529.0 347702.0 859509.0 545905.0 269043.0 829252.0 823421.0 731145.0 507818.0 175610.0 229998.0 858693.0 618312.0 398893.0 320379.0 160879.0 597717.0 622294.0 608829.0 562549.0 121592.0 560818.0 417799.0 787001.0 445229.0 394022.0 834271.0 191456.0 178463.0 552274.0 0.016176239491193928
380842.0 426390.0 619382.0 589168.0 635085.0 392478.0 337507.0 562168.0 668304.0 878162.0 507818.0 175610.0 105818.0 568245.0 852058.0 157685.0 404854.0 777395.0 802256.0 320211.0 159693.0 552120.0 856339.0 594845.0 263415.0 839477.0 823146.0 733647.0 367611.0 361822.0 220190.0 858289.0 859353.0 531718.0 167529.0 347702.0 678338.0 829650.0 618502.0 533474.0 320379.0 160879.0 450525.0 811288.0 415425.0 404243.0 584554.0 409128.0 562627.0 571389.0 0.008115670336165195
