510613.0 178309.0 230846.0 836407.0 180915.0 551657.0 406229.0 403972.0 605946.0 553897.0 321023.0 555371.0 167856.0 347812.0 311591.0 166241.0 417799.0 787001.0 719976.0 353461.0 856596.0 565193.0 122212.0 560783.0 822992.0 732195.0 650115.0 839426.0 850528.0 159121.0 862075.0 508871.0 368076.0 574671.0 682677.0 875939.0 270086.0 868333.0 392624.0 129950.0 0.003213133537556167
507818.0 175610.0 398555.0 404855.0 167856.0 347812.0 599934.0 432681.0 592563.0 565258.0 244654.0 847642.0 283176.0 545552.0 320602.0 161521.0 349034.0 566772.0 669136.0 404150.0 823268.0 731403.0 136671.0 558362.0 872389.0 558327.0 670929.0 862765.0 610400.0 381958.0 852058.0 157685.0 836167.0 524863.0 638450.0 597454.0 417799.0 787001.0 802463.0 320044.0 0.007375549692602917
508053.0 175644.0 395035.0 415995.0 337264.0 562123.0 167529.0 347702.0 592391.0 562175.0 244654.0 847642.0 366845.0 363105.0 343390.0 162914.0 445726.0 394834.0 823421.0 731145.0 858947.0 546259.0 139395.0 558143.0 634691.0 597073.0 450525.0 811288.0 618312.0 398893.0 801616.0 321123.0 670929.0 862765.0 285960.0 157786.0 404854.0 777395.0 852058.0 157685.0 0.013664702448157078
366020.0 363949.0 320379.0 160879.0 604300.0 395782.0 167529.0 347702.0 594455.0 572287.0 337264.0 562123.0 417233.0 399030.0 507818.0 175610.0 417799.0 787001.0 823421.0 731145.0 859509.0 545905.0 139395.0 558143.0 388392.0 427305.0 269043.0 829252.0 852058.0 157685.0 659637.0 407889.0 670929.0 862765.0 664700.0 585046.0 229998.0 858693.0 802534.0 320892.0 0.0052435049194010565
398555.0 404855.0 320602.0 161521.0 801473.0 320780.0 138851.0 558149.0 616795.0 397341.0 318474.0 554534.0 603980.0 587482.0 507818.0 175610.0 448799.0 811006.0 562208.0 563326.0 859472.0 545569.0 244654.0 847642.0 366175.0 574391.0 404554.0 776745.0 852058.0 157685.0 620117.0 522857.0 672250.0 587863.0 670929.0 862765.0 167856.0 347812.0 823421.0 731145.0 0.01860806703550926
400091.0 388862.0 585864.0 546862.0 805699.0 328058.0 321023.0 555371.0 778901.0 267411.0 244654.0 847642.0 662659.0 576538.0 416876.0 168114.0 579818.0 409744.0 634014.0 393161.0 857675.0 563413.0 122212.0 560783.0 735913.0 809252.0 419220.0 787783.0 852675.0 157386.0 168840.0 345737.0 393295.0 430387.0 600455.0 591366.0 180915.0 551657.0 368076.0 574671.0 0.00407338634173189
320602.0 161521.0 799793.0 314852.0 859792.0 548426.0 398555.0 404855.0 167856.0 347812.0 270086.0 868333.0 318474.0 554534.0 507818.0 175610.0 670929.0 862765.0 832355.0 400716.0 604555.0 395201.0 366175.0 574391.0 823421.0 731145.0 592492.0 572940.0 852058.0 157685.0 138851.0 558149.0 656437.0 580072.0 660360.0 410625.0 230846.0 836407.0 417799.0 787001.0 0.008840205921938767
294558.0 182560.0 633378.0 386114.0 857431.0 560739.0 371264.0 390845.0 618361.0 437034.0 594667.0 561152.0 138851.0 558149.0 508021.0 175954.0 592786.0 616960.0 661244.0 580976.0 413101.0 412770.0 244654.0 847642.0 736340.0 808967.0 366175.0 574391.0 568979.0 384627.0 167529.0 347702.0 827864.0 235916.0 337198.0 148055.0 318474.0 554534.0 419220.0 787783.0 0.005353724086186121
164799.0 333307.0 670929.0 862765.0 858947.0 546259.0 172697.0 378038.0 641869.0 430035.0 404580.0 441138.0 139437.0 558429.0 507818.0 175610.0 625806.0 381847.0 363051.0 390142.0 411446.0 397224.0 337264.0 562123.0 823421.0 731145.0 606396.0 574711.0 320602.0 161521.0 244654.0 847642.0 852058.0 157685.0 802534.0 320892.0 571833.0 404808.0 417799.0 787001.0 0.0216087159672718
448799.0 811006.0 859509.0 545905.0 852058.0 157685.0 404554.0 776745.0 244654.0 847642.0 660976.0 405978.0 337565.0 562157.0 507818.0 175610.0 167529.0 347702.0 139682.0 558123.0 663092.0 583432.0 381966.0 394036.0 823421.0 731145.0 438852.0 395354.0 320602.0 161521.0 670929.0 862765.0 604506.0 396567.0 802534.0 320892.0 403108.0 435380.0 593972.0 572525.0 0.0028479804634043682
510613.0 178309.0 859004.0 545352.0 852058.0 157685.0 381158.0 394705.0 244654.0 847642.0 420849.0 417929.0 633981.0 374313.0 392624.0 129950.0 194838.0 549324.0 339732.0 562965.0 840899.0 695449.0 125061.0 560275.0 816133.0 745238.0 417799.0 787001.0 311591.0 166241.0 670929.0 862765.0 608920.0 414711.0 802534.0 320892.0 167529.0 347702.0 606574.0 574455.0 0.005552952944734505
507818.0 175610.0 593917.0 574006.0 827823.0 235157.0 605808.0 440779.0 670929.0 862765.0 401908.0 415236.0 380280.0 354966.0 449974.0 396634.0 356131.0 410373.0 244654.0 847642.0 139682.0 558123.0 608418.0 383451.0 823421.0 731145.0 417799.0 787001.0 320379.0 160879.0 337565.0 562157.0 663154.0 584897.0 669292.0 403283.0 167529.0 347702.0 859073.0 542747.0 0.006337020420202827
490732.0 160991.0 606574.0 574455.0 528945.0 194199.0 138851.0 558149.0 270086.0 868333.0 399799.0 390927.0 579255.0 409970.0 230846.0 836407.0 802534.0 320892.0 670929.0 862765.0 318474.0 554534.0 852058.0 157685.0 858947.0 546259.0 417799.0 787001.0 319480.0 162073.0 366175.0 574391.0 634135.0 394411.0 393465.0 433351.0 167856.0 347812.0 823421.0 731145.0 0.009069620663771686
490732.0 160991.0 597762.0 559877.0 528945.0 194199.0 139395.0 558143.0 802534.0 320892.0 592293.0 614979.0 417799.0 787001.0 244654.0 847642.0 401323.0 390686.0 823421.0 731145.0 391593.0 431924.0 852058.0 157685.0 859509.0 545905.0 337264.0 562123.0 319480.0 162073.0 670929.0 862765.0 582976.0 409861.0 635300.0 393250.0 167856.0 347812.0 671169.0 585567.0 0.00744230553071202
490732.0 160991.0 591592.0 564262.0 321023.0 555371.0 319480.0 162073.0 528945.0 194199.0 397736.0 404742.0 244654.0 847642.0 417799.0 787001.0 122212.0 560783.0 823421.0 731145.0 180915.0 551657.0 635736.0 596175.0 858527.0 543111.0 632663.0 386241.0 619070.0 437685.0 670929.0 862765.0 167856.0 347812.0 564624.0 387262.0 368076.0 574671.0 827823.0 235157.0 0.0059360842502372705
318258.0 162406.0 244654.0 847642.0 337264.0 562123.0 164799.0 333307.0 475524.0 148585.0 371791.0 391040.0 622936.0 586563.0 652349.0 888584.0 417799.0 787001.0 823867.0 730721.0 139437.0 558429.0 581641.0 556445.0 858527.0 543111.0 827823.0 235157.0 605438.0 394789.0 681278.0 848804.0 172697.0 378038.0 414176.0 412961.0 519445.0 186738.0 662230.0 411611.0 0.005083913828876109
285960.0 157786.0 366175.0 574391.0 404554.0 776745.0 343534.0 163949.0 397996.0 404787.0 138851.0 558149.0 606683.0 574160.0 448799.0 811006.0 244654.0 847642.0 670929.0 862765.0 167856.0 347812.0 582976.0 409861.0 856339.0 594845.0 802256.0 320211.0 859353.0 531718.0 822447.0 734224.0 318474.0 554534.0 635300.0 393250.0 508053.0 175644.0 852058.0 157685.0 0.0028524302712375415
320379.0 160879.0 337264.0 562123.0 139395.0 558143.0 167529.0 347702.0 404554.0 776745.0 401058.0 397692.0 592391.0 562175.0 355093.0 364456.0 244654.0 847642.0 448799.0 811006.0 466389.0 396818.0 823421.0 731145.0 391450.0 435754.0 852058.0 157685.0 858947.0 546259.0 670929.0 862765.0 619334.0 399390.0 801616.0 321123.0 634691.0 597073.0 507818.0 175610.0 0.012823670633436925
416011.0 168065.0 397996.0 404787.0 138851.0 558149.0 317912.0 554226.0 559925.0 562922.0 168840.0 345737.0 244654.0 847642.0 673633.0 585398.0 417799.0 787001.0 584178.0 419960.0 823421.0 731145.0 616815.0 376035.0 597717.0 622294.0 802534.0 320892.0 365212.0 574104.0 670929.0 862765.0 608175.0 563065.0 859509.0 545905.0 659406.0 417315.0 852058.0 157685.0 0.011920978750057445
490732.0 160991.0 319480.0 162073.0 448799.0 811006.0 138851.0 558149.0 318474.0 554534.0 244654.0 847642.0 404554.0 776745.0 823421.0 731145.0 366175.0 574391.0 167856.0 347812.0 670929.0 862765.0 625132.0 432443.0 528945.0 194199.0 802277.0 321077.0 614816.0 382124.0 606389.0 575216.0 391251.0 431294.0 858947.0 546259.0 402929.0 390875.0 852058.0 157685.0 0.006317483327812904
368076.0 574671.0 180915.0 551657.0 320379.0 160879.0 366845.0 363105.0 404554.0 776745.0 244654.0 847642.0 448799.0 811006.0 592391.0 562175.0 122212.0 560783.0 167529.0 347702.0 678034.0 857998.0 445726.0 394834.0 395035.0 415995.0 507818.0 175610.0 618312.0 398893.0 844029.0 631610.0 321023.0 555371.0 802634.0 324907.0 634691.0 597073.0 852058.0 157685.0 0.004799495091124606
321023.0 555371.0 507818.0 175610.0 320602.0 161521.0 670929.0 862765.0 179584.0 551997.0 244654.0 847642.0 823421.0 731145.0 582976.0 409861.0 121592.0 560818.0 167856.0 347812.0 448799.0 811006.0 805699.0 328058.0 368076.0 574671.0 397996.0 404787.0 635316.0 393663.0 858947.0 546259.0 404554.0 776745.0 852675.0 157386.0 606574.0 574455.0 778901.0 267411.0 0.005906221551558302
593972.0 572525.0 366020.0 363949.0 167529.0 347702.0 404554.0 776745.0 139395.0 558143.0 448799.0 811006.0 859509.0 545905.0 660360.0 410625.0 244654.0 847642.0 507818.0 175610.0 670929.0 862765.0 852058.0 157685.0 388392.0 427305.0 320379.0 160879.0 802534.0 320892.0 663092.0 583432.0 337264.0 562123.0 604932.0 395068.0 417233.0 399030.0 823421.0 731145.0 0.0052435049194010565
337565.0 562157.0 635314.0 597189.0 167529.0 347702.0 417799.0 787001.0 584755.0 409725.0 244654.0 847642.0 802534.0 320892.0 423365.0 387936.0 670929.0 862765.0 493623.0 162289.0 823421.0 731145.0 852058.0 157685.0 386878.0 412391.0 336760.0 148946.0 635406.0 393185.0 529727.0 196171.0 139682.0 558123.0 592654.0 562876.0 293840.0 182348.0 858947.0 546259.0 0.006456526547642291
417799.0 787001.0 803659.0 323471.0 167529.0 347702.0 372018.0 365718.0 614740.0 415013.0 244654.0 847642.0 630118.0 367599.0 592421.0 563259.0 670929.0 862765.0 139682.0 558123.0 337565.0 562157.0 857679.0 149597.0 457907.0 394353.0 507558.0 175386.0 823421.0 731145.0 823113.0 194866.0 395864.0 416288.0 635314.0 597189.0 320379.0 160879.0 858947.0 546259.0 0.006661983455348187
139682.0 558123.0 801616.0 321123.0 167529.0 347702.0 320602.0 161521.0 619334.0 399390.0 596296.0 559970.0 403693.0 432848.0 404554.0 776745.0 670929.0 862765.0 337565.0 562157.0 244654.0 847642.0 852058.0 157685.0 823421.0 731145.0 669001.0 581938.0 593324.0 615554.0 457538.0 392834.0 384461.0 392965.0 448799.0 811006.0 507818.0 175610.0 859509.0 545905.0 0.007865621899998603
139395.0 558143.0 417799.0 787001.0 337264.0 562123.0 167529.0 347702.0 635862.0 393091.0 653807.0 577966.0 856302.0 585093.0 827800.0 234206.0 823146.0 733647.0 584011.0 409626.0 244654.0 847642.0 519445.0 186738.0 678338.0 829650.0 409413.0 413232.0 668304.0 878162.0 318014.0 161752.0 368972.0 381541.0 592215.0 572991.0 475524.0 148585.0 858829.0 521871.0 0.009082577208494966
568979.0 384627.0 417799.0 787001.0 366175.0 574391.0 371264.0 390845.0 618492.0 437684.0 244654.0 847642.0 318474.0 554534.0 802534.0 320892.0 858947.0 546259.0 591592.0 564262.0 138851.0 558149.0 852058.0 157685.0 670929.0 862765.0 413101.0 412770.0 635736.0 596175.0 320602.0 161521.0 167529.0 347702.0 823421.0 731145.0 507818.0 175610.0 632622.0 386411.0 0.007535638294319644
320602.0 161521.0 351594.0 568834.0 121592.0 560818.0 179016.0 552262.0 618058.0 398674.0 244654.0 847642.0 417799.0 787001.0 801616.0 321123.0 507818.0 175610.0 670929.0 862765.0 302641.0 545535.0 852058.0 157685.0 592624.0 585757.0 603377.0 535737.0 823421.0 731145.0 167529.0 347702.0 371264.0 390845.0 859509.0 545905.0 413909.0 412779.0 668490.0 587297.0 0.007535638294319644
320602.0 161521.0 167529.0 347702.0 138851.0 558149.0 507818.0 175610.0 584011.0 409626.0 244654.0 847642.0 593972.0 572525.0 635876.0 393505.0 663092.0 583432.0 450525.0 811288.0 859073.0 542747.0 827823.0 235157.0 411339.0 440244.0 366175.0 574391.0 823421.0 731145.0 361614.0 394205.0 404854.0 777395.0 670929.0 862765.0 409623.0 395598.0 318474.0 554534.0 0.018292003376635717
