494127.0 163214.0 240075.0 826768.0 193083.0 549334.0 371264.0 390845.0 606204.0 574295.0 294827.0 544996.0 166499.0 388718.0 305563.0 169078.0 448799.0 811006.0 801336.0 320449.0 872737.0 553637.0 140378.0 558206.0 822492.0 735142.0 650115.0 839426.0 852058.0 157685.0 842708.0 512358.0 398498.0 588103.0 682677.0 875939.0 223724.0 872439.0 358537.0 141975.0 413909.0 412779.0 530418.0 196489.0 184438.0 341374.0 827864.0 609622.0 341446.0 563487.0 287611.0 857990.0 404554.0 776745.0 91588.0 566596.0 143838.0 333276.0 617926.0 399415.0 0.008235625460853194
568135.0 378862.0 230846.0 836407.0 292916.0 544605.0 550256.0 606120.0 608803.0 564224.0 852058.0 157685.0 859472.0 545569.0 350967.0 164596.0 398498.0 588103.0 802598.0 320380.0 608204.0 435856.0 121592.0 560818.0 602568.0 620941.0 178463.0 552274.0 673404.0 402624.0 823421.0 731145.0 508257.0 175990.0 670929.0 862765.0 398303.0 439658.0 674538.0 585349.0 398929.0 397723.0 351932.0 376919.0 341339.0 563454.0 270086.0 868333.0 453711.0 400739.0 563456.0 555051.0 417799.0 787001.0 294596.0 157551.0 167529.0 347702.0 620919.0 384770.0 0.015596585452174482
437781.0 393988.0 230815.0 859144.0 403229.0 434518.0 165373.0 364246.0 595138.0 573050.0 820897.0 161839.0 666226.0 414584.0 357576.0 141401.0 427413.0 772656.0 802816.0 321496.0 667210.0 588321.0 159693.0 552120.0 381588.0 394117.0 105818.0 568245.0 865042.0 156453.0 824298.0 730364.0 494127.0 163214.0 679026.0 878538.0 267897.0 827259.0 859509.0 545905.0 337858.0 562276.0 305526.0 169545.0 601375.0 436911.0 402614.0 806575.0 530418.0 196489.0 685077.0 827569.0 613970.0 857398.0 566873.0 379930.0 171070.0 320523.0 622191.0 383741.0 0.010773303687689447
529727.0 196171.0 229998.0 858693.0 602002.0 591666.0 167529.0 347702.0 591376.0 424888.0 666411.0 578001.0 642674.0 403482.0 585306.0 549787.0 368076.0 574671.0 805985.0 328713.0 604921.0 367471.0 404554.0 776745.0 447518.0 394939.0 397221.0 400565.0 852644.0 157120.0 682872.0 872636.0 493623.0 162289.0 644214.0 839487.0 269043.0 829252.0 859509.0 545905.0 321023.0 555371.0 288164.0 155570.0 823650.0 730928.0 448799.0 811006.0 782404.0 270844.0 354416.0 377894.0 401069.0 441412.0 344201.0 165275.0 180915.0 551657.0 122212.0 560783.0 0.02379910628776199
508257.0 175990.0 592215.0 572991.0 809817.0 754545.0 365438.0 371337.0 178463.0 552274.0 337092.0 569642.0 396239.0 416912.0 798838.0 311950.0 683025.0 869858.0 821979.0 372728.0 350967.0 164596.0 448799.0 811006.0 398890.0 589039.0 442480.0 394036.0 852058.0 157685.0 637240.0 843013.0 635406.0 393185.0 653807.0 577966.0 244654.0 847642.0 853655.0 581002.0 351886.0 547960.0 171070.0 320523.0 833625.0 714075.0 404554.0 776745.0 862055.0 530507.0 585427.0 409553.0 165373.0 364246.0 294596.0 157551.0 121592.0 560818.0 292451.0 544927.0 0.01483816501362974
493623.0 162289.0 410517.0 751797.0 822447.0 734224.0 180915.0 551657.0 122212.0 560783.0 456099.0 400850.0 802256.0 320211.0 529727.0 196171.0 628213.0 613617.0 459770.0 807344.0 342987.0 162911.0 670929.0 862765.0 407448.0 443105.0 355236.0 412346.0 852058.0 157685.0 310865.0 549388.0 602240.0 410905.0 663060.0 416766.0 244069.0 847518.0 615470.0 562267.0 400689.0 401210.0 285960.0 157786.0 856339.0 594845.0 402784.0 798102.0 859353.0 531718.0 562866.0 569767.0 167529.0 347702.0 618593.0 364731.0 377827.0 353521.0 355671.0 570781.0 0.024613345636555973
669829.0 585215.0 673159.0 405221.0 831212.0 396803.0 404554.0 776745.0 105818.0 568245.0 800010.0 314651.0 860272.0 535490.0 400468.0 401055.0 167529.0 347702.0 448799.0 811006.0 568135.0 378862.0 670929.0 862765.0 337507.0 562168.0 320379.0 160879.0 852058.0 157685.0 551929.0 567407.0 407448.0 443105.0 604649.0 575424.0 244654.0 847642.0 605954.0 433112.0 507818.0 175610.0 621151.0 384645.0 822447.0 734224.0 355869.0 413204.0 856772.0 596957.0 159693.0 552120.0 376211.0 353365.0 453711.0 400739.0 610158.0 531940.0 595113.0 630076.0 0.0216087159672718
823867.0 730721.0 244069.0 847518.0 679734.0 848011.0 402784.0 798102.0 122212.0 560783.0 805946.0 327897.0 859509.0 545905.0 560450.0 385008.0 167529.0 347702.0 459770.0 807344.0 778901.0 267411.0 654914.0 890818.0 578540.0 602102.0 342672.0 166744.0 872105.0 178373.0 410517.0 751797.0 286953.0 154203.0 602503.0 559807.0 321023.0 555371.0 368076.0 574671.0 421013.0 386707.0 673404.0 402624.0 668211.0 588786.0 387037.0 412914.0 620050.0 384043.0 180915.0 551657.0 608975.0 435019.0 492800.0 161956.0 529646.0 195482.0 842459.0 146351.0 0.004970922659250084
562940.0 385345.0 244069.0 847518.0 671527.0 862738.0 401962.0 742146.0 136671.0 558362.0 798719.0 311603.0 859669.0 533413.0 401675.0 796343.0 413101.0 412770.0 822447.0 734224.0 672902.0 408645.0 823303.0 369365.0 856211.0 595476.0 283292.0 155968.0 625078.0 358808.0 468864.0 833034.0 339846.0 165509.0 349034.0 566772.0 283176.0 545552.0 597188.0 621856.0 519976.0 187551.0 627194.0 570464.0 603486.0 449660.0 167529.0 347702.0 617836.0 401570.0 445448.0 782120.0 575522.0 559958.0 480581.0 149897.0 371264.0 390845.0 852058.0 157685.0 0.015219828150253292
400042.0 401787.0 244654.0 847642.0 684591.0 893037.0 178463.0 552274.0 451729.0 398705.0 802256.0 320211.0 659683.0 575817.0 635559.0 393286.0 333015.0 171451.0 599707.0 591077.0 341339.0 563454.0 398498.0 588103.0 448799.0 811006.0 350076.0 107003.0 585567.0 407969.0 407448.0 443105.0 272753.0 167563.0 586080.0 545127.0 121592.0 560818.0 856097.0 595151.0 508431.0 176283.0 404554.0 776745.0 859433.0 531843.0 167529.0 347702.0 822447.0 734224.0 292916.0 544605.0 355236.0 412346.0 377827.0 353521.0 663682.0 846708.0 852058.0 157685.0 0.023534527493341683
319077.0 380525.0 244654.0 847642.0 595505.0 625179.0 161348.0 375182.0 320379.0 160879.0 802256.0 320211.0 867647.0 543708.0 834303.0 506046.0 570732.0 567601.0 589851.0 422938.0 180915.0 551657.0 403927.0 414577.0 321023.0 555371.0 852058.0 157685.0 604796.0 365379.0 628967.0 578943.0 368762.0 418365.0 449134.0 396939.0 383297.0 358289.0 635687.0 842383.0 507558.0 175386.0 610299.0 532155.0 853132.0 606079.0 170602.0 331765.0 822340.0 735334.0 122202.0 561201.0 368076.0 574671.0 417449.0 786859.0 682801.0 869830.0 642089.0 403774.0 0.01388093541828357
300374.0 155375.0 368076.0 574671.0 244654.0 847642.0 167529.0 347702.0 621333.0 388636.0 859509.0 545905.0 417799.0 787001.0 805986.0 328013.0 453711.0 400739.0 672511.0 401711.0 378780.0 357593.0 321023.0 555371.0 180915.0 551657.0 576935.0 343788.0 560125.0 567359.0 781236.0 267539.0 400518.0 401217.0 378099.0 125037.0 852644.0 157120.0 407448.0 443105.0 509283.0 177015.0 671652.0 587246.0 355236.0 412346.0 339151.0 195883.0 823421.0 731145.0 122212.0 560783.0 617337.0 457932.0 606546.0 576482.0 670929.0 862765.0 580848.0 411028.0 0.023534527493341683
507558.0 175386.0 394192.0 418568.0 244654.0 847642.0 162047.0 375248.0 625410.0 362358.0 669829.0 585215.0 448799.0 811006.0 805833.0 328337.0 668257.0 416792.0 612782.0 413151.0 607971.0 563344.0 430066.0 392667.0 404554.0 776745.0 683285.0 869590.0 159853.0 552541.0 859434.0 532368.0 557913.0 558564.0 857222.0 595345.0 862934.0 170524.0 836887.0 137168.0 561844.0 387811.0 320379.0 160879.0 337507.0 562168.0 362400.0 366158.0 594427.0 621261.0 105818.0 568245.0 780691.0 271419.0 822682.0 734009.0 637240.0 843013.0 170602.0 331765.0 0.015399779184933704
507558.0 175386.0 568340.0 396856.0 332157.0 560068.0 453711.0 400739.0 806037.0 328121.0 618760.0 402353.0 384911.0 580177.0 673699.0 403321.0 400027.0 397728.0 781480.0 268244.0 459770.0 807344.0 244069.0 847518.0 410517.0 751797.0 610672.0 461271.0 239990.0 549518.0 657988.0 581671.0 637354.0 843384.0 391696.0 436031.0 618597.0 358060.0 852644.0 157120.0 149072.0 552297.0 320379.0 160879.0 100834.0 569708.0 167529.0 347702.0 402784.0 798102.0 859509.0 545905.0 592040.0 575298.0 823650.0 730928.0 683421.0 869558.0 355093.0 364456.0 0.0065476498047009
494127.0 163214.0 357576.0 141401.0 171070.0 320523.0 680889.0 878293.0 618588.0 385104.0 599030.0 540949.0 683045.0 826054.0 562270.0 382519.0 371264.0 390845.0 656477.0 429710.0 321023.0 555371.0 368076.0 574671.0 404554.0 776745.0 122212.0 560783.0 593746.0 587161.0 802740.0 320729.0 448799.0 811006.0 673865.0 370460.0 598381.0 433016.0 852058.0 157685.0 413101.0 412770.0 305526.0 169545.0 244654.0 847642.0 165373.0 364246.0 180915.0 551657.0 824298.0 730364.0 668490.0 587297.0 859509.0 545905.0 622935.0 864846.0 530418.0 196489.0 0.009598542224374574
602924.0 361323.0 507997.0 175765.0 183765.0 317676.0 595095.0 572168.0 655351.0 433108.0 456099.0 400850.0 459403.0 807029.0 339732.0 562965.0 377827.0 353521.0 816133.0 745238.0 194838.0 549324.0 670929.0 862765.0 401751.0 799378.0 125062.0 560655.0 802598.0 320380.0 411096.0 754292.0 407448.0 443105.0 355236.0 412346.0 859535.0 544652.0 852058.0 157685.0 605708.0 409389.0 294596.0 157551.0 244069.0 847518.0 149635.0 346477.0 179535.0 377661.0 840899.0 695449.0 400689.0 401210.0 667210.0 588321.0 350769.0 163979.0 669045.0 373023.0 0.024613345636555973
637354.0 843384.0 510456.0 178294.0 169660.0 332790.0 454680.0 401130.0 669401.0 581616.0 618165.0 361515.0 602463.0 590765.0 366175.0 574391.0 404836.0 777003.0 683421.0 869558.0 392882.0 431863.0 823498.0 731186.0 449566.0 811504.0 138893.0 558436.0 840147.0 523093.0 663443.0 418169.0 782281.0 270183.0 585446.0 548563.0 872040.0 560118.0 852644.0 157120.0 164029.0 377526.0 408007.0 112555.0 230846.0 836407.0 283019.0 152989.0 390999.0 389417.0 805622.0 327878.0 318474.0 554534.0 270086.0 868333.0 335447.0 173250.0 603365.0 409687.0 0.0034451572926324603
270086.0 868333.0 490732.0 160991.0 389030.0 406442.0 823650.0 730928.0 398498.0 588103.0 620973.0 384702.0 566307.0 379630.0 341339.0 563454.0 408567.0 442260.0 635687.0 842383.0 439342.0 392839.0 683060.0 869564.0 417449.0 786859.0 121592.0 560818.0 627373.0 569608.0 673159.0 405221.0 830119.0 542231.0 802598.0 320380.0 876560.0 548188.0 852058.0 157685.0 178463.0 552274.0 167529.0 347702.0 230846.0 836407.0 365917.0 360390.0 597188.0 621856.0 528945.0 194199.0 292916.0 544605.0 575913.0 559342.0 319248.0 161427.0 606326.0 434573.0 0.015049224661929655
615013.0 408861.0 321023.0 555371.0 558493.0 403745.0 823644.0 731216.0 560641.0 560119.0 368076.0 574671.0 162101.0 375079.0 594940.0 621864.0 608124.0 563345.0 664057.0 846507.0 180915.0 551657.0 684591.0 893037.0 448799.0 811006.0 408593.0 412327.0 507558.0 175386.0 799252.0 313037.0 670032.0 389908.0 828280.0 550738.0 875286.0 546854.0 852058.0 157685.0 170611.0 331658.0 366930.0 381654.0 122202.0 561201.0 244654.0 847642.0 660303.0 453422.0 616199.0 359493.0 404554.0 776745.0 828364.0 383243.0 320379.0 160879.0 667725.0 584669.0 0.007239138043142483
627272.0 358023.0 178184.0 552198.0 555634.0 385961.0 840899.0 695449.0 859535.0 544652.0 292916.0 544605.0 362720.0 390537.0 802598.0 320380.0 398498.0 588103.0 670929.0 862765.0 167529.0 347702.0 410930.0 396873.0 404580.0 441138.0 336074.0 202865.0 480581.0 149897.0 672024.0 411041.0 616594.0 400686.0 663154.0 584897.0 816133.0 745238.0 519976.0 187551.0 602226.0 452176.0 852058.0 157685.0 121479.0 560889.0 228400.0 855403.0 334700.0 148544.0 593803.0 574272.0 417799.0 787001.0 272742.0 834230.0 276114.0 155064.0 341339.0 563454.0 0.011430864413868548
840616.0 702804.0 230846.0 836407.0 417449.0 786859.0 828638.0 555183.0 874650.0 545368.0 413485.0 412706.0 663425.0 415707.0 799793.0 314852.0 321023.0 555371.0 683005.0 859090.0 164799.0 333307.0 620086.0 364804.0 371264.0 390845.0 602242.0 534577.0 492800.0 161956.0 342672.0 166744.0 600839.0 409638.0 832355.0 400716.0 814245.0 746269.0 529646.0 195482.0 122202.0 561201.0 852058.0 157685.0 180915.0 551657.0 270086.0 868333.0 286953.0 154203.0 657543.0 586365.0 368076.0 574671.0 630549.0 874161.0 591028.0 585340.0 172697.0 378038.0 0.006992421689865874
684591.0 893037.0 244654.0 847642.0 417799.0 787001.0 857331.0 594711.0 560641.0 560119.0 381490.0 394640.0 606975.0 435352.0 608156.0 563761.0 393923.0 585044.0 594940.0 621864.0 164674.0 333845.0 828691.0 190795.0 419510.0 417830.0 859353.0 531718.0 490732.0 160991.0 340385.0 563252.0 528945.0 194199.0 620973.0 384702.0 822447.0 734224.0 564880.0 380030.0 121466.0 561319.0 857778.0 148605.0 319480.0 162073.0 178184.0 552198.0 669829.0 585215.0 803160.0 321675.0 292916.0 544605.0 663682.0 846708.0 673159.0 405221.0 174322.0 379044.0 0.0032145254541786268
683064.0 869130.0 417449.0 786859.0 244654.0 847642.0 857230.0 597661.0 800408.0 316275.0 558685.0 569480.0 831212.0 396803.0 355093.0 364456.0 391985.0 435880.0 605884.0 575271.0 164799.0 333307.0 822682.0 734009.0 456099.0 400850.0 860089.0 535716.0 321023.0 555371.0 368076.0 574671.0 507558.0 175386.0 604716.0 395954.0 664986.0 413596.0 600283.0 451867.0 122202.0 561201.0 857778.0 148605.0 320379.0 160879.0 180915.0 551657.0 667254.0 588151.0 400076.0 397606.0 626282.0 355576.0 634622.0 843052.0 829332.0 190092.0 172697.0 378038.0 0.0065476498047009
681429.0 877898.0 404554.0 776745.0 319937.0 554646.0 839290.0 701540.0 660401.0 417894.0 158729.0 553872.0 592979.0 616456.0 585106.0 419250.0 826106.0 566790.0 594666.0 560661.0 164799.0 333307.0 815493.0 746254.0 366565.0 574512.0 876280.0 555033.0 388351.0 427479.0 507818.0 175610.0 416536.0 398880.0 366020.0 363949.0 659481.0 580482.0 852058.0 157685.0 103634.0 567020.0 850725.0 504470.0 320379.0 160879.0 448799.0 811006.0 679474.0 826406.0 244654.0 847642.0 618293.0 380436.0 622935.0 864846.0 802256.0 320211.0 172697.0 378038.0 0.004689645299689884
417449.0 786859.0 272742.0 834230.0 401977.0 435102.0 827814.0 234912.0 560688.0 560543.0 180915.0 551657.0 840899.0 695449.0 580324.0 423689.0 552287.0 613550.0 606268.0 575986.0 167529.0 347702.0 816133.0 745238.0 670803.0 382507.0 603463.0 628971.0 321023.0 555371.0 507558.0 175386.0 610217.0 531679.0 228400.0 855403.0 368076.0 574671.0 604961.0 356851.0 122212.0 560783.0 859057.0 541384.0 320602.0 161521.0 634541.0 842561.0 674538.0 585349.0 382186.0 393519.0 618978.0 400133.0 682652.0 869458.0 659110.0 441851.0 437824.0 394858.0 0.015323110639099765
404376.0 777193.0 449696.0 810310.0 635834.0 367796.0 835356.0 138406.0 167466.0 549902.0 629041.0 841610.0 683783.0 853378.0 167529.0 347702.0 116874.0 564483.0 342672.0 166744.0 392645.0 584643.0 672583.0 906879.0 802534.0 320892.0 339957.0 562974.0 413617.0 436466.0 529139.0 194488.0 418497.0 384743.0 591639.0 584577.0 244654.0 847642.0 492085.0 161688.0 290406.0 544929.0 859509.0 545905.0 286953.0 154203.0 667428.0 589902.0 605823.0 535467.0 377522.0 401513.0 570046.0 396181.0 823867.0 730721.0 627044.0 415375.0 863080.0 170407.0 0.017629500483623668
321023.0 555371.0 591843.0 563896.0 669423.0 406650.0 873075.0 176608.0 359208.0 142190.0 404554.0 776745.0 822447.0 734224.0 356137.0 411417.0 173346.0 378993.0 164674.0 333845.0 122202.0 561201.0 635797.0 596563.0 802463.0 320044.0 608132.0 413926.0 407448.0 443105.0 495302.0 164972.0 378258.0 352900.0 456099.0 400850.0 244654.0 847642.0 400979.0 401186.0 840657.0 147420.0 859353.0 531718.0 305123.0 168237.0 670929.0 862765.0 368076.0 574671.0 605979.0 366186.0 533619.0 197559.0 448799.0 811006.0 180915.0 551657.0 856339.0 594845.0 0.023534527493341683
178463.0 552274.0 855576.0 583468.0 562670.0 388062.0 398498.0 588103.0 666194.0 588402.0 341339.0 563454.0 822447.0 734224.0 827800.0 234206.0 490732.0 160991.0 167529.0 347702.0 389022.0 406182.0 578540.0 602102.0 612241.0 412453.0 440239.0 395071.0 660303.0 453422.0 619909.0 364631.0 230846.0 836407.0 121592.0 560818.0 292916.0 544605.0 670929.0 862765.0 669455.0 390189.0 602503.0 559807.0 319248.0 161427.0 448799.0 811006.0 406531.0 441938.0 528945.0 194199.0 366897.0 360146.0 270086.0 868333.0 404554.0 776745.0 859763.0 521121.0 0.013840359087764141
408030.0 442892.0 839330.0 701847.0 852058.0 157685.0 595113.0 630076.0 401442.0 401144.0 321023.0 555371.0 814771.0 746850.0 663257.0 405826.0 355236.0 412346.0 377827.0 353521.0 465143.0 396469.0 368076.0 574671.0 606662.0 396103.0 167529.0 347702.0 859521.0 545672.0 515130.0 182751.0 270086.0 868333.0 122212.0 560783.0 608266.0 524238.0 670929.0 862765.0 606815.0 574472.0 557711.0 566861.0 180915.0 551657.0 450525.0 811288.0 458163.0 136633.0 674538.0 585349.0 317395.0 162147.0 230846.0 836407.0 404854.0 777395.0 802534.0 320892.0 0.024613345636555973
400578.0 441153.0 561108.0 571015.0 802534.0 320892.0 607244.0 576249.0 557596.0 512342.0 244654.0 847642.0 823421.0 731145.0 852058.0 157685.0 676273.0 585480.0 398537.0 398173.0 595113.0 630076.0 393975.0 586748.0 284405.0 544692.0 164799.0 333307.0 617709.0 360789.0 507558.0 175386.0 404554.0 776745.0 104435.0 569090.0 320563.0 161181.0 670929.0 862765.0 603648.0 408770.0 351891.0 378832.0 156309.0 553028.0 663810.0 415246.0 613737.0 532071.0 172697.0 378038.0 455409.0 400833.0 339939.0 562351.0 448799.0 811006.0 859509.0 545905.0 0.020878918106504864
