758509.0 296336.0 329618.0 818757.0 259047.0 469522.0 416482.0 175519.0 742481.0 684525.0 0.006904630953835466
753171.0 291695.0 243621.0 660394.0 349280.0 273400.0 572756.0 758302.0 830230.0 630319.0 0.01057147066411553
826425.0 236940.0 280314.0 686930.0 351000.0 272580.0 741704.0 799995.0 700800.0 504321.0 0.04021260127609264
828023.0 240781.0 281244.0 687849.0 288403.0 300066.0 743436.0 684488.0 552612.0 296639.0 0.008027578693018676
758509.0 296336.0 259047.0 469522.0 416482.0 175519.0 742481.0 684525.0 329618.0 818757.0 0.006904630953835466
753322.0 291487.0 269637.0 679913.0 348842.0 273754.0 620821.0 743081.0 839273.0 631831.0 0.008382677671643116
827135.0 240077.0 280979.0 687372.0 348621.0 268996.0 780819.0 716802.0 607777.0 477068.0 0.014054084703392599
758509.0 296336.0 329618.0 818757.0 416482.0 175519.0 259047.0 469522.0 742481.0 684525.0 0.006904630953835466
758509.0 296336.0 416482.0 175519.0 329618.0 818757.0 259047.0 469522.0 742481.0 684525.0 0.006904630953835466
827135.0 240077.0 348621.0 268996.0 280979.0 687372.0 607777.0 477068.0 780819.0 716802.0 0.014054084703392599
815010.0 253070.0 218272.0 486750.0 330311.0 817185.0 742920.0 681516.0 453563.0 274490.0 0.0036817162491803415
758509.0 296336.0 329618.0 818757.0 259047.0 469522.0 742481.0 684525.0 416482.0 175519.0 0.006904630953835466
758509.0 296336.0 259047.0 469522.0 416482.0 175519.0 742481.0 684525.0 329618.0 818757.0 0.006904630953835466
758509.0 296336.0 259047.0 469522.0 416482.0 175519.0 329618.0 818757.0 742481.0 684525.0 0.006904630953835466
742481.0 684525.0 259047.0 469522.0 416482.0 175519.0 329618.0 818757.0 758509.0 296336.0 0.006904630953835466
259047.0 469522.0 416482.0 175519.0 742481.0 684525.0 329618.0 818757.0 758509.0 296336.0 0.006904630953835466
259047.0 469522.0 416482.0 175519.0 742481.0 684525.0 329618.0 818757.0 758509.0 296336.0 0.006904630953835466
329618.0 818757.0 259324.0 469388.0 742481.0 684525.0 758286.0 296417.0 416234.0 174665.0 0.009098388893043093
607777.0 477068.0 280979.0 687372.0 780819.0 716802.0 827135.0 240077.0 348621.0 268996.0 0.014054084703392599
758509.0 296336.0 259324.0 469388.0 742481.0 684525.0 329618.0 818757.0 416403.0 174948.0 0.009098388893043093
416482.0 175519.0 329618.0 818757.0 742481.0 684525.0 259047.0 469522.0 758509.0 296336.0 0.006904630953835466
280979.0 687372.0 780819.0 716802.0 607777.0 477068.0 348621.0 268996.0 827135.0 240077.0 0.014054084703392599
330311.0 817185.0 453654.0 274898.0 742920.0 681516.0 217890.0 486781.0 815254.0 252858.0 0.008199133643910275
243156.0 658914.0 349693.0 273487.0 769558.0 614748.0 561272.0 829245.0 754921.0 289411.0 0.02454613259947236
269791.0 405347.0 712836.0 215504.0 782231.0 715803.0 330305.0 816541.0 612724.0 479713.0 0.018499856014191674
259047.0 469522.0 416482.0 175519.0 758509.0 296336.0 329618.0 818757.0 742481.0 684525.0 0.006904630953835466
288403.0 300066.0 552612.0 296639.0 281244.0 687849.0 828023.0 240781.0 743436.0 684488.0 0.008027578693018676
329618.0 818757.0 758286.0 296417.0 416234.0 174665.0 259324.0 469388.0 742481.0 684525.0 0.009098388893043093
330305.0 816541.0 612956.0 479816.0 712836.0 215504.0 269791.0 405347.0 782246.0 715969.0 0.018499856014191674
607777.0 477068.0 280979.0 687372.0 827135.0 240077.0 348621.0 268996.0 780819.0 716802.0 0.014054084703392599
