170271.0 541774.0 823113.0 576255.0 800235.0 323363.0 860496.0 157925.0 416021.0 406284.0 674151.0 859388.0 320896.0 164192.0 828021.0 156165.0 508186.0 175211.0 300273.0 818536.0 0.0633844148582622
169121.0 347681.0 841752.0 592403.0 179793.0 560217.0 445043.0 170837.0 397158.0 408351.0 674338.0 859885.0 415631.0 786971.0 610026.0 442558.0 818645.0 212736.0 244049.0 846331.0 0.47517248866928796
169095.0 347830.0 859455.0 545788.0 241473.0 573367.0 445043.0 170837.0 822449.0 732823.0 601307.0 835222.0 399132.0 405149.0 604123.0 573863.0 818119.0 210648.0 618391.0 397973.0 0.29392361862483846
674288.0 859799.0 843111.0 591428.0 337997.0 563514.0 604157.0 573777.0 818645.0 212736.0 299796.0 818593.0 398982.0 404861.0 155506.0 502990.0 438860.0 170964.0 618391.0 397973.0 0.37774756401540904
841752.0 592403.0 338273.0 563627.0 508186.0 175211.0 674265.0 859761.0 818645.0 212736.0 299796.0 818593.0 399020.0 404912.0 155274.0 508486.0 321182.0 164095.0 610330.0 442558.0 0.40426795301089025
840644.0 591915.0 321518.0 558585.0 508121.0 175204.0 674236.0 859429.0 801751.0 318982.0 300273.0 818536.0 851280.0 157811.0 168279.0 352897.0 321632.0 163874.0 600665.0 411764.0 0.3467789295061592
820947.0 732077.0 139237.0 557674.0 445043.0 170837.0 618406.0 398187.0 338205.0 563479.0 307300.0 819091.0 820327.0 225023.0 169121.0 347681.0 399020.0 404936.0 605100.0 574474.0 0.2632486583681035
822533.0 732758.0 155794.0 502990.0 426172.0 171454.0 604162.0 573815.0 818119.0 210648.0 366934.0 520650.0 859455.0 545788.0 617330.0 397675.0 299821.0 818593.0 673279.0 860526.0 0.3669278793317659
843572.0 594948.0 603055.0 574191.0 453261.0 170420.0 300273.0 818536.0 617859.0 398558.0 182795.0 560098.0 851280.0 157811.0 338467.0 374254.0 674288.0 859799.0 801765.0 318974.0 0.38876594875982445
851280.0 157811.0 609664.0 446233.0 445043.0 170837.0 842616.0 596955.0 397735.0 409068.0 300273.0 818536.0 179811.0 560256.0 169133.0 347732.0 674265.0 859761.0 801667.0 318992.0 0.4303235684393182
851280.0 157811.0 610026.0 446187.0 438860.0 170964.0 842616.0 596955.0 338144.0 563525.0 299796.0 818593.0 155506.0 502990.0 801667.0 318992.0 398982.0 404721.0 674265.0 859761.0 0.4190052516289591
818645.0 212736.0 604078.0 573863.0 508121.0 175204.0 674288.0 859799.0 843111.0 591428.0 300273.0 818536.0 320821.0 164182.0 394602.0 411014.0 168079.0 538687.0 618391.0 397973.0 0.36216449853765537
819670.0 216526.0 168886.0 347877.0 338342.0 563504.0 508186.0 175211.0 819250.0 732487.0 313167.0 819850.0 321539.0 163695.0 399048.0 404924.0 139237.0 557674.0 611875.0 449341.0 0.27514804812518656
618391.0 397973.0 169133.0 347732.0 179811.0 560256.0 818645.0 212736.0 843111.0 591428.0 300273.0 818536.0 674288.0 859799.0 397618.0 409037.0 445043.0 170837.0 604078.0 573863.0 0.38828825150556295
169121.0 347681.0 445043.0 170837.0 338273.0 563505.0 851280.0 157811.0 840020.0 612291.0 610112.0 446233.0 139442.0 557693.0 399020.0 404912.0 416039.0 842635.0 801765.0 319037.0 0.29281941874823825
169133.0 347732.0 445043.0 170837.0 300273.0 818536.0 397618.0 409037.0 843111.0 591428.0 618391.0 397973.0 604078.0 573863.0 179811.0 560256.0 674288.0 859799.0 818645.0 212736.0 0.38828825150556295
321556.0 163806.0 508186.0 175211.0 674265.0 859761.0 179811.0 560256.0 841762.0 593653.0 168977.0 348003.0 610231.0 445003.0 300273.0 818536.0 397764.0 409414.0 818645.0 212736.0 0.40409450875485387
618391.0 397973.0 438860.0 170964.0 674288.0 859799.0 155506.0 502990.0 843111.0 591428.0 604157.0 573777.0 337997.0 563514.0 299796.0 818593.0 398982.0 404861.0 818645.0 212736.0 0.37774756401540904
610671.0 446171.0 438860.0 170964.0 673312.0 860548.0 158773.0 521409.0 858819.0 545953.0 244049.0 846331.0 822474.0 732659.0 415806.0 787348.0 375619.0 435776.0 818119.0 210648.0 0.44336907303381956
415806.0 787348.0 508186.0 175211.0 610199.0 444161.0 818645.0 212736.0 841757.0 593028.0 158664.0 522375.0 674338.0 859885.0 244049.0 846331.0 376444.0 436327.0 321182.0 164171.0 0.42414157184497003
179811.0 560256.0 445043.0 170837.0 610671.0 446233.0 818119.0 210648.0 822474.0 732659.0 169133.0 347732.0 673267.0 860515.0 300273.0 818536.0 858819.0 545953.0 397735.0 409068.0 0.4551401735666873
399020.0 404912.0 508186.0 175211.0 610666.0 444161.0 818645.0 212736.0 674265.0 859761.0 155274.0 508486.0 321182.0 164095.0 299796.0 818593.0 841762.0 593653.0 338273.0 563627.0 0.40426795301089025
617324.0 397903.0 508121.0 175204.0 604973.0 574468.0 803377.0 320713.0 851280.0 157811.0 155479.0 509399.0 321253.0 164176.0 308110.0 818988.0 818640.0 734154.0 368044.0 518908.0 0.26836946330653183
399020.0 404936.0 508121.0 175204.0 614943.0 574073.0 840335.0 315778.0 155274.0 508486.0 618349.0 398187.0 321182.0 164095.0 300273.0 818730.0 722433.0 811854.0 337997.0 563514.0 0.30503924174034946
436501.0 171494.0 801709.0 318987.0 608711.0 437516.0 851280.0 157811.0 155794.0 502990.0 841843.0 594948.0 415895.0 787439.0 244049.0 846331.0 674338.0 859885.0 367922.0 520229.0 0.4084822077541978
818645.0 212736.0 321309.0 558454.0 598642.0 400173.0 403826.0 172465.0 167491.0 352615.0 843227.0 591321.0 300273.0 818536.0 604855.0 570411.0 674311.0 859837.0 600392.0 617470.0 0.0928245716128544
800447.0 321833.0 340993.0 564246.0 424811.0 403700.0 445790.0 170840.0 169145.0 347681.0 851280.0 157811.0 299796.0 818593.0 139237.0 557674.0 674151.0 859388.0 825399.0 577338.0 0.4024324282557295
610698.0 446187.0 338144.0 563525.0 818119.0 210648.0 438860.0 170964.0 299796.0 818593.0 398982.0 404721.0 673267.0 860515.0 858819.0 545953.0 155506.0 502990.0 822474.0 732659.0 0.4365928417236156
618253.0 398273.0 179811.0 560256.0 851280.0 157811.0 445043.0 170837.0 308110.0 818988.0 397618.0 409037.0 803377.0 320713.0 818640.0 734154.0 169133.0 347732.0 604707.0 574525.0 0.2696224110009376
610263.0 444858.0 320821.0 164182.0 415651.0 787000.0 818645.0 212736.0 244049.0 846331.0 167956.0 538653.0 674338.0 859885.0 841762.0 593653.0 508186.0 175211.0 393826.0 410799.0 0.3777609371191811
