477746.0 162127.0 168977.0 348003.0 284082.0 154287.0 514391.0 177592.0 842719.0 601463.0 851280.0 151495.0 397764.0 409414.0 179811.0 560256.0 801232.0 317894.0 300273.0 818536.0 824723.0 375832.0 333787.0 164475.0 849751.0 183646.0 674250.0 859799.0 609664.0 447526.0 0.0687557415535368
818645.0 212736.0 169315.0 355605.0 165655.0 321024.0 139237.0 557674.0 843111.0 591428.0 324390.0 150326.0 674365.0 859933.0 338144.0 563431.0 399132.0 405149.0 415895.0 787450.0 508121.0 175204.0 312421.0 184486.0 244049.0 846331.0 604157.0 573777.0 618391.0 397973.0 0.09127884911456581
822533.0 732758.0 168886.0 347877.0 600679.0 573582.0 179793.0 560217.0 859503.0 545759.0 321539.0 163695.0 673332.0 860560.0 659193.0 407213.0 818119.0 210648.0 415598.0 787029.0 508121.0 175204.0 613443.0 397275.0 244049.0 846331.0 658403.0 579190.0 397185.0 408427.0 0.14199747052343845
822258.0 732919.0 445043.0 170837.0 618135.0 398383.0 142265.0 557873.0 861563.0 586229.0 673332.0 860560.0 604157.0 573853.0 860606.0 157931.0 828108.0 155703.0 415672.0 787355.0 376294.0 436696.0 859467.0 539112.0 244049.0 846331.0 801751.0 318947.0 169145.0 347681.0 0.07392584424182688
674288.0 859799.0 445790.0 170727.0 623137.0 398187.0 604162.0 573815.0 169121.0 347681.0 338205.0 563479.0 398021.0 396854.0 851281.0 157751.0 779956.0 269352.0 299796.0 818593.0 402168.0 432103.0 843572.0 594948.0 577623.0 398914.0 802696.0 320098.0 139237.0 557674.0 0.08042461978156579
566046.0 567239.0 508121.0 175204.0 618253.0 398273.0 607436.0 574452.0 801765.0 318974.0 338144.0 563431.0 398246.0 398501.0 851280.0 157811.0 843572.0 594948.0 299796.0 818593.0 402252.0 434107.0 139237.0 557674.0 674288.0 859799.0 321539.0 163695.0 168886.0 347877.0 0.0808655710931918
244049.0 846331.0 508186.0 175211.0 802650.0 320178.0 610231.0 446233.0 399048.0 404924.0 338528.0 563525.0 780441.0 270426.0 851281.0 157751.0 842616.0 596955.0 415944.0 787444.0 183026.0 547069.0 134587.0 558098.0 674338.0 859885.0 321539.0 163695.0 168886.0 347877.0 0.14194635598297636
244049.0 846331.0 415850.0 787444.0 338144.0 563431.0 618253.0 398273.0 399020.0 404936.0 139237.0 557674.0 696808.0 878573.0 851280.0 157811.0 859915.0 545959.0 445043.0 170837.0 604162.0 573815.0 822533.0 732758.0 666516.0 858570.0 801751.0 318947.0 169121.0 347681.0 0.10706964050402243
241473.0 856047.0 415895.0 787450.0 155274.0 508486.0 540685.0 200962.0 603849.0 576409.0 618406.0 397913.0 321077.0 164133.0 818645.0 212736.0 843111.0 591428.0 502500.0 173338.0 607366.0 537519.0 252392.0 818988.0 674365.0 859933.0 337910.0 563506.0 399020.0 404936.0 0.08987028179431156
321539.0 163695.0 415895.0 787450.0 168886.0 347877.0 604162.0 573815.0 338144.0 563431.0 618253.0 398273.0 508121.0 175204.0 801751.0 318947.0 859915.0 545959.0 822533.0 732758.0 673332.0 860560.0 851280.0 157811.0 244049.0 846331.0 139237.0 557674.0 399048.0 405019.0 0.5862315211544525
319829.0 151612.0 424089.0 408504.0 169293.0 355581.0 332295.0 188153.0 858819.0 545953.0 611012.0 447448.0 165655.0 321024.0 508186.0 175211.0 822474.0 732659.0 818119.0 210648.0 338342.0 563504.0 673267.0 860515.0 299796.0 818593.0 139237.0 557674.0 392162.0 404222.0 0.07388521255083447
508121.0 175204.0 673279.0 860526.0 399002.0 404924.0 141771.0 535117.0 859455.0 545788.0 606522.0 437520.0 168977.0 347830.0 321539.0 163695.0 822533.0 732758.0 818119.0 210648.0 338144.0 563431.0 299796.0 818593.0 619451.0 392202.0 138097.0 569500.0 604168.0 573951.0 0.07769112993773604
398982.0 404924.0 674365.0 859933.0 338084.0 563384.0 244027.0 846331.0 801765.0 318974.0 843572.0 594948.0 169121.0 347681.0 445043.0 170837.0 425970.0 787351.0 851280.0 157811.0 139237.0 557674.0 395093.0 788099.0 623192.0 397732.0 577473.0 403384.0 604168.0 573853.0 0.06732433404791151
398246.0 398501.0 566046.0 567239.0 338084.0 563384.0 402252.0 434107.0 321539.0 163695.0 415895.0 787450.0 168886.0 347877.0 508121.0 175204.0 674365.0 859933.0 818645.0 212736.0 139237.0 557674.0 244049.0 846331.0 618391.0 397973.0 843227.0 591321.0 607604.0 574468.0 0.09455133942956985
244049.0 846331.0 851280.0 157811.0 338273.0 563491.0 525086.0 213098.0 321522.0 163585.0 399048.0 404924.0 168886.0 347877.0 505593.0 172924.0 673312.0 860548.0 801664.0 318965.0 139237.0 557674.0 415944.0 787444.0 610676.0 447537.0 859492.0 546029.0 822474.0 732659.0 0.14631401100046346
244049.0 846331.0 842616.0 596955.0 399048.0 404924.0 450030.0 123267.0 320559.0 164285.0 338273.0 563491.0 168886.0 347877.0 505603.0 174541.0 674338.0 859885.0 801667.0 318992.0 139237.0 557674.0 851280.0 157811.0 415944.0 787444.0 541435.0 206979.0 610263.0 446279.0 0.16295617345392138
244049.0 846331.0 822533.0 732758.0 398985.0 404912.0 619335.0 391546.0 859915.0 545959.0 338144.0 563431.0 169121.0 347681.0 445043.0 170837.0 673332.0 860560.0 801751.0 318947.0 139237.0 557674.0 415895.0 787450.0 851280.0 157811.0 604168.0 573951.0 608182.0 436537.0 0.11952118294975317
244049.0 846331.0 797861.0 737238.0 179793.0 560217.0 618391.0 397973.0 828387.0 731447.0 397213.0 408504.0 168977.0 348003.0 508144.0 175210.0 673312.0 860576.0 818119.0 210648.0 332853.0 162660.0 415598.0 787029.0 281640.0 174773.0 859455.0 545759.0 604123.0 573863.0 0.09260383093305047
179793.0 560217.0 577623.0 403645.0 312421.0 184486.0 623409.0 397643.0 822533.0 732758.0 397030.0 408427.0 168886.0 347877.0 508121.0 175204.0 673332.0 860560.0 818119.0 210648.0 324390.0 150326.0 244049.0 846331.0 604162.0 573912.0 859455.0 545788.0 415598.0 787029.0 0.11762320998735262
179793.0 560217.0 667713.0 858741.0 321539.0 163695.0 618253.0 398273.0 822533.0 732758.0 397213.0 408504.0 168977.0 348003.0 415581.0 787000.0 700098.0 877209.0 801751.0 318947.0 851280.0 157811.0 244049.0 846331.0 604123.0 573863.0 859915.0 545959.0 508121.0 175204.0 0.13184667797084765
179793.0 560217.0 673332.0 860560.0 302124.0 164192.0 618253.0 398273.0 822533.0 732758.0 344431.0 162673.0 168977.0 348003.0 415598.0 787029.0 859915.0 545959.0 397272.0 408510.0 851280.0 157811.0 244049.0 846331.0 604123.0 573863.0 801751.0 318947.0 508144.0 175210.0 0.11175084655868793
179793.0 560217.0 673371.0 869692.0 673574.0 836629.0 168977.0 348003.0 822574.0 732708.0 395817.0 785999.0 397508.0 408427.0 426115.0 787450.0 859455.0 545788.0 321539.0 163695.0 818119.0 210648.0 244027.0 846331.0 604123.0 573863.0 618391.0 397973.0 508121.0 175204.0 0.08253374891792897
139434.0 557674.0 673279.0 860526.0 617324.0 397903.0 837674.0 568371.0 822293.0 732911.0 299821.0 818593.0 508121.0 175204.0 846717.0 507589.0 871240.0 547496.0 321556.0 163806.0 801662.0 318841.0 368281.0 519923.0 604162.0 573815.0 169133.0 348003.0 851280.0 157811.0 0.11113810350107176
139237.0 557674.0 851280.0 157811.0 613351.0 397001.0 843572.0 594948.0 659037.0 412945.0 244049.0 846331.0 415895.0 787450.0 607269.0 574468.0 445043.0 170837.0 399020.0 404936.0 801765.0 318974.0 338084.0 563384.0 566046.0 567239.0 169121.0 347681.0 674365.0 859933.0 0.10314620184314335
139237.0 557674.0 851280.0 157811.0 508121.0 175204.0 822533.0 732758.0 618157.0 398187.0 860190.0 545926.0 601182.0 573425.0 658966.0 579105.0 321539.0 163695.0 399048.0 405019.0 801751.0 318947.0 299796.0 818593.0 338205.0 563479.0 168886.0 347877.0 673279.0 860526.0 0.12955802796774524
179793.0 560217.0 851280.0 157811.0 505176.0 172967.0 822533.0 732758.0 618370.0 398383.0 859915.0 545959.0 533889.0 213114.0 415598.0 787029.0 321522.0 163585.0 604123.0 573863.0 801751.0 318947.0 244049.0 846331.0 397213.0 408504.0 168977.0 348003.0 673332.0 860560.0 0.17558443147974379
139237.0 557674.0 851892.0 153686.0 169121.0 347681.0 843572.0 594948.0 618253.0 398273.0 407455.0 434833.0 445790.0 170727.0 338144.0 563431.0 415895.0 787450.0 604157.0 573777.0 845589.0 188928.0 244049.0 846331.0 397807.0 399119.0 801781.0 318987.0 674365.0 859933.0 0.08844235440380976
425332.0 812008.0 851280.0 157811.0 179793.0 560217.0 859492.0 546029.0 801664.0 318965.0 320972.0 164171.0 464672.0 137729.0 822474.0 732659.0 412387.0 776466.0 610498.0 447832.0 168886.0 347877.0 244027.0 846331.0 397272.0 408339.0 511112.0 177575.0 673312.0 860548.0 0.11754880189292191
859455.0 545788.0 818119.0 210648.0 139224.0 557674.0 618391.0 397973.0 337997.0 563367.0 445790.0 170727.0 822533.0 732758.0 394491.0 788557.0 425703.0 787000.0 604162.0 573815.0 169121.0 347681.0 244027.0 846331.0 371464.0 401078.0 405470.0 405610.0 673332.0 860560.0 0.06975971865347075
843572.0 594948.0 801765.0 318974.0 851280.0 157811.0 659037.0 411818.0 337997.0 563367.0 445043.0 170837.0 399020.0 404936.0 139224.0 557674.0 613351.0 397022.0 566046.0 567239.0 169121.0 347681.0 244049.0 846331.0 607269.0 574468.0 674365.0 859933.0 415895.0 787450.0 0.10314620184314335
