801709.0 318974.0 673312.0 860548.0 219775.0 860041.0 175586.0 351075.0 142265.0 557873.0 610296.0 447526.0 321556.0 163806.0 376444.0 436764.0 142455.0 334724.0 415806.0 787348.0 249209.0 811847.0 860725.0 159555.0 244246.0 845029.0 508186.0 175211.0 282603.0 862063.0 822474.0 732659.0 854996.0 123485.0 859492.0 546029.0 823708.0 152613.0 850692.0 203882.0 0.09247631423279448
801305.0 317863.0 293746.0 541094.0 341925.0 565576.0 321539.0 163695.0 138965.0 557824.0 604123.0 573762.0 618157.0 398359.0 399048.0 405019.0 825716.0 376658.0 408745.0 785965.0 241860.0 873900.0 858042.0 156224.0 168886.0 347877.0 508121.0 175204.0 244257.0 838127.0 674365.0 859933.0 448758.0 804999.0 843643.0 600075.0 819104.0 148809.0 848693.0 199804.0 0.10085636753254645
244049.0 846331.0 508186.0 175211.0 566609.0 567445.0 305901.0 164202.0 139237.0 557674.0 607757.0 574452.0 618253.0 398273.0 392008.0 404200.0 415850.0 787444.0 346717.0 161604.0 338084.0 563384.0 869227.0 159473.0 168886.0 347877.0 422158.0 409458.0 859915.0 545959.0 696808.0 878573.0 666516.0 858570.0 822533.0 732758.0 840375.0 157049.0 801751.0 318947.0 0.0969630079738092
244049.0 846331.0 508121.0 175204.0 415895.0 787450.0 275459.0 175844.0 136569.0 558263.0 673332.0 860560.0 618053.0 371445.0 405413.0 405544.0 201538.0 538655.0 344596.0 193526.0 604168.0 573853.0 859915.0 545959.0 168845.0 347830.0 801751.0 318947.0 822533.0 732758.0 371209.0 402297.0 338588.0 563726.0 618377.0 407449.0 324121.0 152871.0 851280.0 157811.0 0.11496675496143828
394491.0 788557.0 508121.0 175204.0 801751.0 318947.0 165655.0 321024.0 604168.0 573951.0 673332.0 860560.0 619335.0 391546.0 399048.0 405019.0 312421.0 184486.0 244027.0 846331.0 425703.0 787000.0 859915.0 545959.0 169315.0 355605.0 822533.0 732758.0 608182.0 436537.0 293746.0 541094.0 341823.0 565575.0 138965.0 557824.0 324390.0 150326.0 851280.0 157811.0 0.10370363337732248
267478.0 848608.0 508121.0 175204.0 802591.0 319712.0 678089.0 860718.0 604162.0 573815.0 639997.0 857942.0 141991.0 534538.0 399048.0 405019.0 138097.0 569381.0 230927.0 844967.0 415806.0 787439.0 846806.0 509070.0 618253.0 398273.0 861048.0 551113.0 822503.0 732778.0 779956.0 269352.0 338084.0 563384.0 168977.0 347830.0 321539.0 163695.0 851281.0 157751.0 0.11975157506847452
321539.0 163695.0 508121.0 175204.0 801751.0 318947.0 673736.0 868774.0 607436.0 574525.0 859915.0 545959.0 330616.0 561232.0 672387.0 832648.0 139212.0 557674.0 244049.0 846331.0 366794.0 577739.0 415895.0 787450.0 619335.0 391546.0 608188.0 436360.0 822574.0 732708.0 851280.0 157811.0 566898.0 567239.0 184934.0 353940.0 399020.0 404936.0 157542.0 346304.0 0.10828557119804129
321556.0 163465.0 524502.0 213083.0 789095.0 759000.0 673332.0 869654.0 174745.0 372305.0 862451.0 581763.0 338144.0 563431.0 672876.0 836946.0 858151.0 536438.0 244049.0 846331.0 818099.0 210572.0 415850.0 787444.0 618406.0 398187.0 604162.0 573815.0 824719.0 730801.0 505593.0 172924.0 399077.0 405103.0 194516.0 323618.0 139237.0 557674.0 158810.0 345032.0 0.09970177252940186
658966.0 580353.0 613194.0 397011.0 658809.0 411818.0 673332.0 860560.0 415895.0 787450.0 875062.0 546794.0 851280.0 157811.0 338144.0 563431.0 841062.0 543264.0 357923.0 151612.0 801751.0 318947.0 244049.0 846331.0 601184.0 573503.0 422158.0 409458.0 822533.0 732758.0 508574.0 175576.0 392046.0 404212.0 168886.0 347877.0 139237.0 557674.0 310944.0 165402.0 0.11351065025120788
822533.0 732758.0 408712.0 786262.0 801751.0 318947.0 678606.0 860643.0 448651.0 796523.0 874551.0 546385.0 168886.0 347877.0 618253.0 398273.0 840039.0 544015.0 357923.0 151612.0 851280.0 157811.0 244038.0 846351.0 604162.0 573815.0 417494.0 409520.0 508574.0 175576.0 640321.0 858721.0 387608.0 403997.0 338144.0 563431.0 139237.0 557674.0 310944.0 165402.0 0.1097762869083198
427379.0 787819.0 396408.0 786480.0 508121.0 175204.0 700747.0 851313.0 293746.0 541094.0 879500.0 547936.0 165657.0 320888.0 618253.0 398273.0 846270.0 545788.0 801751.0 318947.0 851280.0 157811.0 244027.0 846331.0 604162.0 573815.0 822574.0 732708.0 399077.0 405103.0 668231.0 860894.0 169315.0 355605.0 341823.0 565575.0 138965.0 557824.0 321556.0 163585.0 0.10016865288508042
458884.0 812560.0 410610.0 785432.0 508121.0 175204.0 242167.0 859367.0 293746.0 541094.0 859915.0 545959.0 321556.0 163585.0 618253.0 398273.0 341925.0 565576.0 801751.0 318947.0 165657.0 320888.0 245678.0 824277.0 604162.0 573815.0 822533.0 732758.0 392008.0 404200.0 673332.0 860560.0 169293.0 355581.0 851280.0 157811.0 138965.0 557824.0 422158.0 409458.0 0.1097731866714617
862451.0 581763.0 299796.0 818593.0 502505.0 173362.0 338474.0 563522.0 134587.0 558098.0 859002.0 536983.0 321556.0 163585.0 618370.0 398383.0 400693.0 410685.0 820350.0 763117.0 851280.0 157811.0 184798.0 353913.0 604162.0 573815.0 822670.0 728310.0 387039.0 376230.0 673267.0 860537.0 157542.0 346304.0 540685.0 200962.0 183026.0 547069.0 801751.0 318947.0 0.07117484944370726
195075.0 324880.0 415895.0 787450.0 508121.0 175204.0 338474.0 563514.0 604162.0 573815.0 860375.0 538040.0 321588.0 163525.0 618253.0 398273.0 399077.0 405103.0 183026.0 547069.0 851282.0 157772.0 159155.0 345127.0 244049.0 846331.0 822293.0 732911.0 782876.0 279751.0 673332.0 860560.0 174745.0 372954.0 134587.0 558098.0 853874.0 583156.0 802853.0 320130.0 0.13460298366795223
613194.0 397011.0 419095.0 778526.0 508121.0 175204.0 338084.0 563384.0 604162.0 573863.0 859915.0 545959.0 321588.0 163525.0 659037.0 412945.0 399077.0 405103.0 391555.0 789670.0 178319.0 317643.0 163033.0 347440.0 244027.0 846331.0 822533.0 732758.0 673332.0 860560.0 448519.0 818594.0 174878.0 373112.0 139237.0 557674.0 851280.0 157811.0 801751.0 318947.0 0.1187295679885565
801662.0 318841.0 415895.0 787450.0 500695.0 173313.0 338144.0 563431.0 604162.0 573815.0 846772.0 509047.0 320515.0 180289.0 618370.0 398383.0 399077.0 405103.0 324337.0 145624.0 861048.0 551113.0 168886.0 347877.0 267478.0 848608.0 822616.0 732659.0 673071.0 866263.0 536205.0 193578.0 230927.0 844967.0 139237.0 557674.0 851280.0 157811.0 680381.0 825972.0 0.12339492338915233
851280.0 157811.0 169293.0 355581.0 415895.0 787450.0 338144.0 563431.0 839386.0 545161.0 604162.0 573815.0 321539.0 163525.0 618370.0 398383.0 403491.0 434700.0 398199.0 398913.0 874182.0 546032.0 165657.0 320888.0 801751.0 318947.0 822533.0 732758.0 119386.0 591137.0 533889.0 213114.0 244049.0 846331.0 141995.0 550607.0 505176.0 172967.0 673332.0 860560.0 0.11373188012984445
818119.0 210648.0 169228.0 355477.0 415944.0 787506.0 330145.0 561151.0 607923.0 434540.0 610498.0 537519.0 321556.0 163585.0 619427.0 391159.0 508121.0 175204.0 392008.0 404200.0 365927.0 577532.0 166799.0 319865.0 603819.0 576184.0 822619.0 732573.0 680381.0 825972.0 139179.0 557674.0 244049.0 846331.0 859455.0 545788.0 422158.0 408965.0 673071.0 866263.0 0.10496584814449601
851280.0 157811.0 168977.0 347830.0 415895.0 787450.0 594084.0 622079.0 602770.0 570091.0 138171.0 569773.0 321539.0 163695.0 613443.0 397275.0 508121.0 175204.0 392008.0 404200.0 338084.0 563384.0 860190.0 545926.0 659192.0 407753.0 822533.0 732758.0 659928.0 578878.0 141718.0 535989.0 244049.0 846331.0 801780.0 318884.0 422158.0 409458.0 673371.0 860576.0 0.10946030332820161
851184.0 157662.0 168886.0 347877.0 777978.0 252419.0 139237.0 557674.0 415895.0 787450.0 859915.0 545959.0 405470.0 405610.0 618349.0 398359.0 473505.0 155081.0 371481.0 401501.0 338144.0 563431.0 604162.0 573815.0 795322.0 306135.0 513095.0 177502.0 673332.0 860560.0 230009.0 844460.0 265299.0 849037.0 803885.0 322273.0 321213.0 163922.0 822533.0 732758.0 0.0791950009778744
801765.0 318915.0 177241.0 321160.0 604168.0 573853.0 138965.0 557824.0 415895.0 787450.0 859915.0 545959.0 392008.0 404200.0 618377.0 406781.0 828108.0 155703.0 673332.0 860560.0 293746.0 541094.0 321588.0 163525.0 860606.0 157931.0 508121.0 175204.0 422158.0 409458.0 244049.0 846331.0 341925.0 565576.0 168114.0 355660.0 618105.0 369245.0 822533.0 732758.0 0.1098969261393665
801145.0 317527.0 673196.0 836312.0 604162.0 573815.0 168886.0 347877.0 415850.0 787444.0 388202.0 403683.0 244049.0 846331.0 828108.0 155703.0 139237.0 557674.0 673371.0 869692.0 473505.0 155081.0 321213.0 163922.0 860606.0 157931.0 513095.0 177502.0 860375.0 546029.0 417895.0 410346.0 338144.0 563431.0 821027.0 369066.0 618253.0 398383.0 822574.0 732708.0 0.10758221358700357
801751.0 318947.0 672876.0 836946.0 604162.0 573815.0 168977.0 347830.0 244049.0 846331.0 399077.0 405103.0 415850.0 787444.0 506105.0 173149.0 138122.0 569485.0 673371.0 869692.0 357923.0 151612.0 310944.0 165402.0 797861.0 737238.0 525086.0 213052.0 859915.0 545926.0 141881.0 534827.0 338084.0 563384.0 851280.0 157811.0 618370.0 398383.0 828387.0 731447.0 0.10657548388751559
801751.0 318947.0 359998.0 573943.0 139179.0 557674.0 168886.0 347877.0 230927.0 844967.0 400944.0 410110.0 415895.0 787450.0 383992.0 374345.0 277152.0 175280.0 508597.0 175686.0 366146.0 150348.0 321822.0 164182.0 673332.0 860560.0 267478.0 848608.0 604162.0 573815.0 859915.0 545959.0 327998.0 560472.0 851280.0 157811.0 618253.0 398273.0 822533.0 732758.0 0.12460471980059276
801751.0 318947.0 415895.0 787450.0 169315.0 355605.0 165657.0 320888.0 338144.0 563431.0 407334.0 435389.0 244049.0 846331.0 398199.0 399598.0 310824.0 165350.0 508574.0 175576.0 619335.0 391546.0 139237.0 557674.0 673312.0 860576.0 860190.0 545926.0 604168.0 573951.0 823108.0 728049.0 820350.0 763117.0 851280.0 157811.0 608188.0 436684.0 357923.0 151612.0 0.12127566118736394
801780.0 318965.0 415850.0 787444.0 797861.0 737238.0 168886.0 347877.0 335027.0 561740.0 604162.0 573815.0 244049.0 846331.0 392008.0 404200.0 422158.0 409458.0 321539.0 163695.0 618253.0 398273.0 139224.0 557674.0 672876.0 836946.0 859915.0 545926.0 395236.0 584808.0 828387.0 731447.0 673371.0 869692.0 843823.0 188570.0 508121.0 175204.0 852423.0 153281.0 0.10276123878594526
824624.0 373098.0 415895.0 787450.0 828478.0 703697.0 245678.0 815820.0 338144.0 563431.0 604162.0 573815.0 290210.0 849664.0 801664.0 318811.0 618157.0 398359.0 321539.0 163695.0 399048.0 405019.0 168886.0 347877.0 673312.0 860576.0 860375.0 545982.0 236987.0 853169.0 821616.0 738036.0 139237.0 557674.0 779926.0 268664.0 508121.0 175204.0 851281.0 157751.0 0.12736878551246145
822156.0 732990.0 410473.0 785401.0 673332.0 860560.0 244038.0 846351.0 139237.0 557674.0 607604.0 574468.0 801145.0 317527.0 821151.0 368694.0 618157.0 398359.0 321539.0 163695.0 399048.0 405019.0 168886.0 347877.0 458884.0 812560.0 846772.0 546029.0 508121.0 175204.0 873887.0 600075.0 566046.0 567239.0 879805.0 534303.0 338084.0 563384.0 851280.0 157811.0 0.13836798793117305
822474.0 732798.0 410610.0 785432.0 673332.0 860560.0 267478.0 848608.0 139237.0 557674.0 604162.0 573815.0 802853.0 320130.0 230927.0 844967.0 618253.0 398273.0 168886.0 347877.0 782876.0 279751.0 338144.0 563431.0 458884.0 812560.0 818739.0 554848.0 508121.0 175204.0 861364.0 550246.0 321539.0 163695.0 877111.0 510422.0 399048.0 405019.0 851282.0 157772.0 0.12424956256685153
822533.0 732758.0 399077.0 405103.0 673332.0 860560.0 265299.0 849037.0 136569.0 558263.0 604162.0 573815.0 415895.0 787450.0 230009.0 844460.0 618370.0 398383.0 168845.0 347830.0 335855.0 562332.0 395236.0 584808.0 310944.0 165402.0 859915.0 545959.0 506105.0 173149.0 801751.0 318947.0 357923.0 151612.0 201324.0 538687.0 525086.0 213052.0 851280.0 157811.0 0.1278194042340358
