244049.0 846331.0 541006.0 200955.0 327569.0 144355.0 622596.0 397841.0 138171.0 569530.0 319833.0 178398.0 861563.0 592403.0 817816.0 151350.0 399002.0 405019.0 140834.0 536008.0 415895.0 787450.0 822224.0 732928.0 576737.0 401075.0 801664.0 318862.0 850219.0 157510.0 673332.0 860560.0 341945.0 565586.0 610498.0 537229.0 846594.0 506439.0 603819.0 576184.0 168977.0 347830.0 502505.0 173362.0 295536.0 543786.0 877964.0 161302.0 860513.0 545993.0 0.10124400070627138
230927.0 844967.0 481356.0 145220.0 307913.0 111893.0 604162.0 573815.0 138965.0 557824.0 279010.0 179376.0 822619.0 732573.0 851280.0 157811.0 801751.0 318947.0 407814.0 750353.0 417091.0 792321.0 399132.0 405149.0 374012.0 578014.0 618349.0 398359.0 267478.0 848608.0 673071.0 866263.0 337173.0 563506.0 198415.0 330980.0 874182.0 546032.0 680381.0 825972.0 163888.0 350902.0 512241.0 179328.0 289044.0 537125.0 332307.0 165419.0 839386.0 545161.0 0.11435359296699914
236463.0 853000.0 141991.0 534538.0 329428.0 113156.0 604157.0 573873.0 245678.0 815820.0 310611.0 166644.0 822574.0 732708.0 858050.0 185894.0 801751.0 318947.0 850911.0 152843.0 415850.0 787444.0 420792.0 409502.0 634661.0 437020.0 620470.0 392923.0 288814.0 852232.0 168977.0 347830.0 338084.0 563384.0 392008.0 404200.0 508228.0 175212.0 672387.0 832648.0 573947.0 395971.0 673736.0 868774.0 138097.0 569381.0 347050.0 180161.0 859915.0 545959.0 0.10928467686862177
821079.0 762550.0 821151.0 368694.0 604231.0 573951.0 600202.0 617846.0 252392.0 818988.0 168886.0 347877.0 822664.0 728106.0 860606.0 157931.0 801145.0 317527.0 828108.0 155703.0 415850.0 787444.0 422158.0 409458.0 609030.0 534167.0 618157.0 397973.0 861927.0 582930.0 310824.0 165350.0 338144.0 563431.0 392046.0 404212.0 508574.0 175576.0 672876.0 836946.0 241473.0 856047.0 139237.0 557674.0 673371.0 869692.0 357468.0 152056.0 859679.0 539239.0 0.10305497339996776
604231.0 573863.0 400548.0 410653.0 837309.0 548178.0 417057.0 792269.0 252392.0 818988.0 800959.0 317300.0 822156.0 732990.0 851280.0 157811.0 819195.0 355358.0 624343.0 396967.0 407814.0 750353.0 168886.0 347877.0 324390.0 148493.0 585231.0 411683.0 718088.0 878998.0 316263.0 182470.0 337997.0 563367.0 387039.0 376230.0 508121.0 175204.0 667713.0 832648.0 241473.0 856047.0 139224.0 557674.0 672212.0 865180.0 874312.0 604582.0 868553.0 541339.0 0.11480487109215144
604168.0 573853.0 408569.0 436696.0 831401.0 531636.0 415806.0 787439.0 634800.0 858741.0 801751.0 318947.0 821900.0 738003.0 851280.0 157811.0 860259.0 550707.0 588432.0 407670.0 500292.0 173149.0 321344.0 163806.0 400546.0 402572.0 626371.0 397001.0 717637.0 880018.0 828478.0 703697.0 139237.0 557674.0 354767.0 377148.0 338144.0 563431.0 168845.0 347830.0 241473.0 856047.0 252392.0 818988.0 674433.0 860064.0 535675.0 194667.0 889890.0 535473.0 0.13108005424798252
338474.0 563506.0 402638.0 434774.0 604162.0 573815.0 425483.0 786961.0 618370.0 398383.0 499640.0 171155.0 822533.0 732758.0 851280.0 157811.0 854514.0 550988.0 198415.0 330980.0 518431.0 213537.0 332998.0 162367.0 841928.0 506175.0 398283.0 399282.0 134587.0 558098.0 801662.0 318841.0 183026.0 547069.0 637665.0 858702.0 394491.0 788557.0 163888.0 350902.0 244027.0 846331.0 282957.0 174760.0 677660.0 860650.0 537174.0 176818.0 889805.0 541536.0 0.10448187085004537
341925.0 565576.0 366612.0 150410.0 607757.0 574452.0 862117.0 591428.0 577473.0 399331.0 508597.0 175686.0 822293.0 732911.0 399020.0 405103.0 860507.0 545982.0 198415.0 330980.0 138965.0 557824.0 321822.0 164182.0 846594.0 506439.0 622886.0 398080.0 566898.0 567239.0 801662.0 318841.0 293746.0 541094.0 629998.0 858702.0 415806.0 787439.0 163888.0 350902.0 244049.0 846331.0 277152.0 175280.0 709278.0 879300.0 673449.0 859978.0 851280.0 157811.0 0.14937031829733802
338144.0 563431.0 410610.0 785432.0 604168.0 573951.0 238619.0 845379.0 678869.0 896720.0 508121.0 175204.0 822619.0 732573.0 401719.0 400546.0 411171.0 436764.0 782876.0 279751.0 139237.0 557674.0 321556.0 163585.0 183970.0 352868.0 619332.0 391601.0 368183.0 403771.0 802853.0 320130.0 608188.0 436925.0 680668.0 822097.0 458884.0 812560.0 157187.0 346304.0 253679.0 813371.0 859915.0 545959.0 251958.0 879602.0 671976.0 859978.0 851282.0 157772.0 0.10553282255282655
337997.0 563367.0 425703.0 787000.0 603819.0 576184.0 394491.0 788557.0 673071.0 866263.0 508574.0 175576.0 828478.0 703697.0 610063.0 537229.0 399132.0 405149.0 780441.0 272993.0 141881.0 535145.0 310824.0 165350.0 177793.0 363745.0 659193.0 407213.0 186082.0 321160.0 613536.0 397208.0 244027.0 846331.0 802784.0 319814.0 138097.0 569500.0 153595.0 346858.0 357923.0 151612.0 860151.0 545894.0 821906.0 737972.0 851282.0 157772.0 680304.0 826442.0 0.10765712934033767
335005.0 561698.0 659309.0 410229.0 607436.0 574471.0 394491.0 788557.0 674496.0 870010.0 395236.0 584808.0 575675.0 398461.0 823086.0 727690.0 398985.0 404936.0 425483.0 786961.0 566609.0 567033.0 321539.0 163695.0 168977.0 347830.0 508121.0 175204.0 851281.0 157751.0 618157.0 397102.0 244027.0 846331.0 802696.0 319774.0 138171.0 569773.0 141718.0 535989.0 621278.0 858702.0 860151.0 545900.0 821169.0 762531.0 779956.0 269352.0 680757.0 834591.0 0.10074255436227503
337997.0 563367.0 608182.0 436831.0 801119.0 317518.0 407814.0 750353.0 673371.0 860576.0 508186.0 175211.0 379593.0 368566.0 822224.0 732928.0 407576.0 436628.0 604737.0 570596.0 600582.0 617846.0 305617.0 164192.0 184798.0 353913.0 399705.0 404200.0 851280.0 157811.0 619325.0 391867.0 244049.0 846331.0 820904.0 366934.0 139224.0 557674.0 860513.0 545993.0 157542.0 346304.0 847700.0 507589.0 346079.0 161604.0 861563.0 592403.0 417091.0 792321.0 0.11033681765389082
341925.0 565576.0 600078.0 573586.0 801751.0 318947.0 407814.0 750353.0 673332.0 860560.0 503505.0 173730.0 307107.0 183817.0 851280.0 157811.0 420792.0 409502.0 649088.0 576728.0 861927.0 583156.0 318931.0 152210.0 168886.0 347877.0 368060.0 150472.0 822258.0 732919.0 622557.0 397893.0 244049.0 846331.0 541113.0 200345.0 134341.0 557991.0 179832.0 548285.0 576987.0 401053.0 392008.0 404200.0 297110.0 544468.0 859316.0 537554.0 417091.0 792321.0 0.10942711761023452
341945.0 565586.0 565315.0 567239.0 802655.0 319814.0 604707.0 574372.0 673279.0 860576.0 779956.0 269352.0 275373.0 175848.0 851281.0 157751.0 422158.0 409458.0 660327.0 579020.0 508121.0 175204.0 323538.0 152056.0 168886.0 347877.0 267478.0 848608.0 805089.0 765634.0 618157.0 398187.0 230927.0 844967.0 344482.0 192256.0 134341.0 557929.0 179832.0 549807.0 823417.0 728448.0 392046.0 404212.0 297110.0 544468.0 860244.0 545897.0 415895.0 787450.0 0.1096181748285569
341945.0 565586.0 506142.0 173217.0 297110.0 545221.0 166560.0 576624.0 604162.0 573815.0 321822.0 164182.0 277152.0 175280.0 851892.0 153686.0 410473.0 785401.0 169315.0 355605.0 525086.0 213052.0 366612.0 150410.0 165657.0 320888.0 244038.0 846351.0 845589.0 188928.0 618370.0 398383.0 822533.0 732758.0 173847.0 531921.0 128909.0 557607.0 801780.0 318965.0 673332.0 860560.0 399132.0 405149.0 874182.0 546032.0 839386.0 545161.0 458884.0 812560.0 0.11435359296699914
618113.0 407228.0 473259.0 152648.0 338144.0 563431.0 801662.0 318841.0 604168.0 573853.0 851280.0 157811.0 275459.0 175844.0 862117.0 591428.0 415850.0 787444.0 177793.0 363745.0 524397.0 213083.0 323329.0 154488.0 186082.0 321160.0 244049.0 846331.0 509951.0 174306.0 671998.0 833276.0 822293.0 732911.0 618274.0 371442.0 139237.0 557674.0 153595.0 346858.0 673826.0 868784.0 399077.0 405103.0 344482.0 193618.0 846594.0 506439.0 860507.0 545982.0 0.11525131371813492
659037.0 412945.0 473259.0 152648.0 335426.0 562195.0 801145.0 317527.0 604162.0 573863.0 851280.0 157811.0 275373.0 175848.0 244038.0 846351.0 410336.0 785370.0 136418.0 558213.0 524449.0 213098.0 198415.0 330980.0 322140.0 153037.0 344596.0 192188.0 509951.0 174306.0 673332.0 860560.0 821151.0 368694.0 395236.0 584808.0 197367.0 545377.0 163888.0 350902.0 458884.0 812560.0 399132.0 405149.0 613443.0 397062.0 860375.0 546029.0 822533.0 732758.0 0.170855495814377
797861.0 737238.0 451410.0 123445.0 293746.0 541094.0 824212.0 370801.0 779926.0 268664.0 851281.0 157751.0 320559.0 164192.0 224678.0 849008.0 415895.0 787450.0 138965.0 557824.0 860375.0 546004.0 169293.0 355581.0 372424.0 399429.0 604162.0 573863.0 508121.0 174110.0 673312.0 860576.0 341925.0 565576.0 801648.0 318718.0 524397.0 213114.0 165655.0 321024.0 257926.0 845420.0 406461.0 405917.0 613443.0 397062.0 659037.0 412945.0 828387.0 731447.0 0.11643758756785005
338205.0 563504.0 398985.0 404936.0 295536.0 545883.0 678961.0 860599.0 134341.0 557991.0 429586.0 788228.0 321182.0 163949.0 513010.0 177445.0 397615.0 786785.0 179830.0 547558.0 859679.0 545900.0 168886.0 347877.0 801751.0 318947.0 603849.0 576508.0 607366.0 538132.0 817441.0 734233.0 374406.0 578606.0 851280.0 157811.0 473505.0 155081.0 641871.0 859612.0 244027.0 846331.0 620285.0 392279.0 572330.0 398168.0 634817.0 436684.0 850888.0 716861.0 0.10977617015404934
335005.0 561698.0 395236.0 584808.0 801751.0 318947.0 673312.0 860576.0 139224.0 557674.0 448651.0 796523.0 305617.0 164192.0 346027.0 161727.0 408712.0 786262.0 851280.0 157811.0 839386.0 541146.0 169293.0 355581.0 820757.0 738979.0 267478.0 848608.0 829683.0 710502.0 537174.0 199025.0 400944.0 409793.0 165655.0 321024.0 501222.0 173313.0 604123.0 573762.0 230927.0 844967.0 618370.0 398383.0 380458.0 371957.0 873791.0 546004.0 830806.0 649405.0 0.12007576365591743
824212.0 370801.0 600078.0 573657.0 801183.0 317772.0 683048.0 863401.0 139237.0 557674.0 448649.0 795974.0 660459.0 857346.0 822258.0 732919.0 408712.0 786262.0 851280.0 157811.0 608188.0 436684.0 165655.0 321024.0 169293.0 355581.0 371209.0 402297.0 244038.0 846351.0 508144.0 175210.0 405356.0 405478.0 859679.0 539793.0 332853.0 162660.0 651740.0 578351.0 281640.0 174773.0 619332.0 391601.0 610505.0 858859.0 861745.0 586275.0 338144.0 563431.0 0.09064929886356084
853874.0 583156.0 610498.0 537519.0 801781.0 318956.0 674482.0 866999.0 138924.0 557848.0 508121.0 175204.0 621278.0 857872.0 822449.0 732823.0 415806.0 787439.0 845589.0 188928.0 606522.0 438078.0 617447.0 367259.0 603819.0 576184.0 371481.0 401501.0 230927.0 844967.0 851892.0 153686.0 289131.0 534755.0 682315.0 824089.0 321556.0 163585.0 860375.0 538040.0 168886.0 347877.0 620240.0 399039.0 405413.0 405544.0 267478.0 848608.0 341329.0 565576.0 0.10941272900467425
828478.0 703697.0 410610.0 785432.0 851280.0 157811.0 391970.0 404189.0 138965.0 557824.0 511426.0 178901.0 801751.0 318947.0 821616.0 738036.0 458884.0 812560.0 281640.0 174773.0 607010.0 437573.0 658966.0 580353.0 601182.0 573587.0 860230.0 545794.0 241381.0 825960.0 481067.0 144359.0 289131.0 537125.0 673312.0 860576.0 332265.0 163060.0 398641.0 584808.0 168886.0 347877.0 619421.0 392279.0 422261.0 409414.0 245654.0 860833.0 338899.0 563517.0 0.11401788150692628
850888.0 716861.0 409515.0 749680.0 395967.0 796405.0 399077.0 405103.0 138171.0 569773.0 524502.0 213083.0 821027.0 369066.0 169337.0 355581.0 430205.0 789584.0 321539.0 163525.0 505593.0 172924.0 851280.0 157811.0 566898.0 567239.0 860317.0 545993.0 245678.0 824277.0 817418.0 734278.0 801145.0 317527.0 673312.0 860576.0 607757.0 574452.0 366202.0 576881.0 165657.0 320888.0 618349.0 398408.0 141718.0 535989.0 242087.0 859348.0 330395.0 561232.0 0.11903790106056644
674496.0 870010.0 409515.0 749680.0 168886.0 347877.0 395967.0 796405.0 801662.0 318841.0 337997.0 563367.0 621278.0 858702.0 139224.0 557674.0 430152.0 789112.0 281640.0 174773.0 505392.0 172755.0 863693.0 157479.0 398985.0 404936.0 861048.0 551113.0 252392.0 818988.0 822574.0 732708.0 846772.0 509047.0 680828.0 833905.0 604231.0 573863.0 834483.0 160434.0 332707.0 162632.0 624471.0 396984.0 524502.0 210283.0 241443.0 855780.0 585231.0 411683.0 0.10312567128672238
668228.0 858702.0 290210.0 849664.0 168886.0 347877.0 410610.0 785432.0 801662.0 318841.0 336974.0 564151.0 700219.0 877606.0 285860.0 533006.0 374012.0 578014.0 846772.0 509047.0 513362.0 177795.0 138809.0 557898.0 399048.0 405019.0 861131.0 551033.0 245678.0 815820.0 822503.0 732778.0 659529.0 579190.0 860606.0 157931.0 601184.0 573503.0 828108.0 155703.0 321182.0 163949.0 458884.0 812560.0 473933.0 153040.0 236987.0 853169.0 618253.0 398273.0 0.11279582675579636
820350.0 763117.0 198333.0 330974.0 163796.0 351000.0 412737.0 781262.0 537174.0 199025.0 604231.0 573951.0 241473.0 856047.0 659529.0 407182.0 395236.0 584808.0 846772.0 509047.0 335005.0 561698.0 139224.0 557674.0 399048.0 405019.0 861048.0 551033.0 252392.0 818988.0 823086.0 728066.0 321778.0 148222.0 851280.0 157811.0 673312.0 860576.0 801667.0 318781.0 320972.0 182019.0 617445.0 391546.0 501111.0 173288.0 427379.0 815234.0 601369.0 437020.0 0.11094225411268319
467668.0 805590.0 850918.0 152563.0 680381.0 825972.0 415490.0 785615.0 514219.0 177559.0 607436.0 574471.0 315963.0 183897.0 658102.0 411154.0 407694.0 745471.0 169095.0 348366.0 244038.0 846260.0 139434.0 557674.0 566046.0 567239.0 860317.0 546044.0 367751.0 520229.0 822619.0 732573.0 324121.0 150135.0 858058.0 185708.0 673071.0 866263.0 801709.0 318862.0 824822.0 373098.0 608699.0 396860.0 477746.0 162127.0 408712.0 813072.0 779926.0 270426.0 0.09630829908319338
480971.0 163982.0 829222.0 156671.0 448519.0 818594.0 391359.0 789912.0 514622.0 177795.0 839386.0 545161.0 335742.0 196571.0 618349.0 398359.0 138097.0 569381.0 165655.0 321024.0 244027.0 846331.0 141991.0 534538.0 679054.0 860593.0 874182.0 546032.0 399132.0 405149.0 822533.0 732758.0 359436.0 147795.0 418963.0 778243.0 642372.0 860287.0 801751.0 318947.0 309592.0 161500.0 604162.0 573815.0 337997.0 563367.0 169337.0 355581.0 860927.0 157848.0 0.10542447763873793
607463.0 438997.0 820108.0 144982.0 604162.0 573951.0 859915.0 545926.0 508121.0 175204.0 845802.0 190254.0 782876.0 279751.0 572417.0 389490.0 138122.0 565993.0 166799.0 319865.0 244049.0 846331.0 125005.0 531542.0 673312.0 860576.0 623248.0 394579.0 201830.0 544731.0 828387.0 731447.0 399002.0 405019.0 321556.0 163585.0 797861.0 737238.0 802853.0 320130.0 366794.0 577739.0 415944.0 787506.0 331340.0 561657.0 169260.0 355378.0 858551.0 156045.0 0.11493194340273492
