426115.0 818479.0 673196.0 836946.0 850911.0 153072.0 610498.0 537519.0 816865.0 751594.0 660103.0 406585.0 858050.0 186880.0 240577.0 825204.0 165785.0 350255.0 182239.0 318367.0 861027.0 550965.0 289531.0 168232.0 139237.0 557674.0 508144.0 175210.0 338084.0 563384.0 849817.0 509179.0 130805.0 345417.0 185253.0 368623.0 825399.0 720420.0 399048.0 405019.0 603819.0 576184.0 440667.0 780052.0 800855.0 317093.0 403871.0 785241.0 617445.0 390024.0 817272.0 352833.0 334991.0 162550.0 245144.0 860065.0 601379.0 428785.0 673371.0 869692.0 0.10418466582485988
514219.0 177559.0 570713.0 384380.0 851280.0 151495.0 566898.0 567239.0 366741.0 577667.0 180633.0 547383.0 458884.0 812560.0 247734.0 813633.0 859915.0 545926.0 849751.0 183646.0 700341.0 852181.0 311408.0 184486.0 134422.0 557996.0 477746.0 162127.0 330824.0 561549.0 163888.0 350902.0 222574.0 856837.0 198415.0 330980.0 828478.0 731595.0 399002.0 405149.0 607604.0 574474.0 323905.0 150806.0 801781.0 318915.0 410789.0 785615.0 619332.0 393730.0 660103.0 407213.0 797962.0 737007.0 257472.0 849247.0 601644.0 437020.0 668231.0 860894.0 0.11065006915629322
505593.0 172924.0 524502.0 213021.0 845018.0 156671.0 401854.0 401526.0 168886.0 347877.0 180282.0 547470.0 366741.0 577667.0 134341.0 557991.0 858214.0 536983.0 874672.0 161302.0 678961.0 860599.0 275373.0 175848.0 827733.0 703852.0 618053.0 367312.0 330824.0 561549.0 779956.0 271501.0 230009.0 844460.0 344380.0 189590.0 870049.0 581366.0 411321.0 437849.0 604162.0 573863.0 322841.0 151261.0 802738.0 319814.0 415850.0 787444.0 610437.0 402815.0 659191.0 416308.0 821895.0 738035.0 265299.0 849037.0 368363.0 401078.0 641840.0 859210.0 0.10881337347427548
509951.0 174306.0 321182.0 163896.0 860606.0 157931.0 400386.0 406476.0 165655.0 321024.0 293746.0 541094.0 138965.0 557824.0 566609.0 567033.0 861048.0 551113.0 846772.0 509047.0 700219.0 877606.0 241687.0 856273.0 618253.0 397155.0 169293.0 355581.0 341925.0 565576.0 370778.0 364555.0 247897.0 819243.0 434941.0 396411.0 448651.0 796523.0 371548.0 419802.0 607436.0 574471.0 828108.0 155703.0 801664.0 318811.0 408728.0 786380.0 576361.0 398205.0 659309.0 410229.0 822503.0 732778.0 668228.0 858702.0 473202.0 152257.0 524096.0 213098.0 0.1207974314109499
779956.0 271501.0 331947.0 163361.0 877628.0 161397.0 398887.0 404217.0 604231.0 573863.0 295536.0 543786.0 140834.0 536008.0 448758.0 804999.0 341945.0 565586.0 453261.0 123267.0 424811.0 408504.0 267478.0 848608.0 624471.0 396984.0 157691.0 346109.0 585748.0 411683.0 524096.0 213098.0 281640.0 174773.0 822533.0 732758.0 138171.0 569530.0 368613.0 407480.0 184798.0 353913.0 836081.0 182864.0 802696.0 319827.0 408745.0 785965.0 640321.0 858721.0 508121.0 174110.0 859915.0 545959.0 678606.0 860643.0 849326.0 150011.0 230927.0 844967.0 0.09686086290201057
678089.0 860718.0 335062.0 163695.0 617493.0 367312.0 411130.0 438934.0 604352.0 573951.0 828478.0 703697.0 125005.0 531542.0 623433.0 402647.0 338588.0 563726.0 401888.0 401576.0 202361.0 543740.0 267478.0 848608.0 541435.0 200970.0 157691.0 346109.0 801207.0 317686.0 578878.0 433298.0 291723.0 165350.0 821895.0 738035.0 138171.0 566091.0 368363.0 401078.0 184798.0 353913.0 469848.0 125495.0 824212.0 371970.0 412453.0 782955.0 640000.0 857942.0 506012.0 175151.0 860375.0 545982.0 434578.0 816138.0 851280.0 157811.0 230927.0 844967.0 0.11666815260851376
664190.0 801806.0 839386.0 548182.0 620055.0 399382.0 392046.0 404212.0 458884.0 812560.0 674521.0 872590.0 141881.0 535145.0 473505.0 155081.0 330145.0 561045.0 422158.0 409458.0 682315.0 843821.0 365312.0 576881.0 267478.0 848608.0 164875.0 348130.0 801207.0 317686.0 607463.0 442558.0 321245.0 163896.0 822619.0 732573.0 138097.0 569500.0 174533.0 374063.0 177579.0 318244.0 617388.0 367106.0 824212.0 370801.0 410610.0 785432.0 633802.0 859612.0 513010.0 177445.0 874117.0 545788.0 604168.0 573952.0 851280.0 157811.0 230927.0 844967.0 0.1120323435962052
791091.0 762470.0 818994.0 554401.0 619339.0 392133.0 398246.0 398565.0 458884.0 812560.0 673332.0 869654.0 169293.0 355581.0 345468.0 162367.0 338144.0 563431.0 835428.0 733302.0 673036.0 836991.0 608182.0 436831.0 473361.0 153464.0 801780.0 318965.0 845589.0 188928.0 165657.0 320888.0 305617.0 164192.0 809538.0 712220.0 139237.0 557674.0 524449.0 213098.0 857126.0 546255.0 604737.0 570596.0 257113.0 844961.0 410610.0 785432.0 402252.0 434251.0 509951.0 174306.0 887896.0 536928.0 600392.0 617470.0 851892.0 153686.0 222727.0 851387.0 0.11366661838447796
244038.0 846351.0 819250.0 563842.0 619427.0 392508.0 296769.0 540739.0 448758.0 804999.0 673254.0 870265.0 169315.0 355605.0 857178.0 545788.0 341966.0 565597.0 822025.0 733183.0 543616.0 208378.0 332284.0 163158.0 473259.0 152648.0 801780.0 318965.0 843823.0 188570.0 606522.0 437520.0 281640.0 174773.0 828533.0 701498.0 139744.0 546820.0 165657.0 320888.0 674766.0 837741.0 604737.0 570596.0 816785.0 765598.0 136266.0 582694.0 399048.0 405019.0 508693.0 175157.0 888003.0 536898.0 600392.0 617470.0 852423.0 153281.0 408728.0 785896.0 0.11771623042443695
230927.0 844967.0 621745.0 857645.0 623137.0 397675.0 285860.0 533006.0 459328.0 812039.0 660327.0 581516.0 577623.0 401477.0 856585.0 546866.0 336951.0 563840.0 822619.0 732573.0 513095.0 177502.0 851280.0 157811.0 371209.0 365775.0 801751.0 318947.0 674472.0 868784.0 473505.0 155081.0 412387.0 789247.0 424303.0 409458.0 138809.0 557898.0 168886.0 347877.0 682241.0 828490.0 606796.0 537229.0 321213.0 163922.0 374012.0 578014.0 394846.0 407466.0 817308.0 549246.0 887838.0 536983.0 600039.0 574795.0 267478.0 848608.0 409417.0 749559.0 0.10937489131720075
228928.0 848090.0 640321.0 858721.0 650020.0 429872.0 851280.0 151495.0 606357.0 577712.0 410610.0 785432.0 577230.0 402447.0 169260.0 355529.0 252962.0 813825.0 822533.0 732758.0 501222.0 173387.0 849751.0 183646.0 338474.0 563522.0 801765.0 318956.0 678606.0 860643.0 458884.0 812560.0 197608.0 543740.0 420792.0 409502.0 136359.0 558238.0 165655.0 321024.0 536623.0 192746.0 611244.0 537722.0 344107.0 208220.0 342641.0 123332.0 392008.0 404200.0 620187.0 390760.0 859915.0 545959.0 563460.0 567914.0 268886.0 862785.0 314791.0 165419.0 0.11065006915629322
257472.0 849247.0 343105.0 569543.0 608182.0 436537.0 877964.0 161302.0 850219.0 157510.0 417023.0 792218.0 169315.0 355605.0 639997.0 857942.0 247734.0 813633.0 828297.0 731938.0 500589.0 173288.0 817816.0 151350.0 328152.0 545664.0 800962.0 317308.0 677983.0 860779.0 607604.0 574474.0 264330.0 536418.0 399020.0 404936.0 138455.0 557898.0 222574.0 856837.0 567188.0 567445.0 536623.0 192746.0 165657.0 320888.0 321539.0 163695.0 797918.0 737136.0 619335.0 391867.0 874117.0 545788.0 839088.0 548142.0 818622.0 355939.0 407814.0 750353.0 0.1026518196879791
797861.0 737238.0 374012.0 578014.0 864149.0 188570.0 391555.0 789670.0 856349.0 154415.0 419095.0 778526.0 168977.0 347830.0 337235.0 563505.0 524449.0 211808.0 828286.0 731766.0 505492.0 172877.0 874182.0 546032.0 289176.0 538472.0 800962.0 317308.0 673332.0 860593.0 604707.0 570411.0 407861.0 436477.0 399717.0 404314.0 140834.0 536008.0 244027.0 846331.0 818014.0 150748.0 618349.0 398408.0 332562.0 162605.0 281640.0 174773.0 600582.0 617846.0 448519.0 818594.0 818622.0 355939.0 839184.0 545585.0 383843.0 371273.0 138171.0 569530.0 0.11822842485515392
801668.0 712220.0 184934.0 353940.0 448650.0 796248.0 138965.0 557824.0 851280.0 157811.0 408728.0 786380.0 157542.0 346304.0 341925.0 565576.0 681682.0 824035.0 822449.0 739032.0 537836.0 195504.0 874275.0 546032.0 502355.0 173673.0 267478.0 848608.0 674482.0 866999.0 604231.0 573951.0 365039.0 150182.0 399132.0 405149.0 277860.0 168323.0 230927.0 844967.0 801780.0 318884.0 613700.0 397478.0 621278.0 858702.0 321961.0 165315.0 600202.0 617846.0 659245.0 407197.0 848956.0 703101.0 839756.0 544015.0 293746.0 541094.0 609030.0 536573.0 0.1218221149498842
795200.0 737341.0 177793.0 363745.0 822756.0 733242.0 136266.0 582694.0 840375.0 157049.0 402252.0 434251.0 153595.0 346858.0 373907.0 578289.0 672876.0 836946.0 854827.0 717049.0 858325.0 558004.0 864535.0 524876.0 473505.0 155081.0 337173.0 564151.0 673371.0 869692.0 604737.0 570596.0 321245.0 163896.0 398246.0 398565.0 267478.0 848608.0 230927.0 844967.0 801751.0 318947.0 619335.0 391546.0 869227.0 159473.0 186309.0 320512.0 600392.0 617470.0 139638.0 546989.0 513010.0 177445.0 415895.0 787450.0 289044.0 534490.0 608188.0 436684.0 0.10128763148349655
245468.0 843256.0 168886.0 347877.0 828297.0 731595.0 138924.0 557848.0 849187.0 150093.0 672797.0 840053.0 321775.0 150017.0 604707.0 574384.0 514219.0 177559.0 458884.0 812560.0 834865.0 184386.0 861069.0 550965.0 477746.0 162127.0 399020.0 404936.0 673646.0 871834.0 565148.0 567445.0 319833.0 183156.0 820904.0 366934.0 283296.0 851280.0 219409.0 856837.0 801155.0 317527.0 797861.0 737238.0 877422.0 161302.0 410610.0 785432.0 659928.0 579105.0 289087.0 534538.0 849858.0 509264.0 341016.0 565576.0 619332.0 391601.0 608188.0 435478.0 0.11711501534375393
265299.0 849037.0 168845.0 347830.0 821616.0 738036.0 197608.0 543740.0 782876.0 279751.0 600672.0 621734.0 323085.0 151044.0 606481.0 574584.0 509804.0 173839.0 427379.0 787819.0 371464.0 403683.0 884469.0 532139.0 470177.0 148084.0 405413.0 405453.0 673332.0 860593.0 565315.0 565348.0 311408.0 184935.0 859679.0 562885.0 136359.0 558238.0 230009.0 844460.0 802853.0 320130.0 828387.0 703759.0 851704.0 153545.0 396544.0 786480.0 614407.0 533946.0 848974.0 188399.0 839012.0 526669.0 338474.0 563514.0 618253.0 398080.0 521153.0 210595.0 0.10731785417660382
241860.0 873900.0 165655.0 321024.0 821895.0 738035.0 330240.0 561098.0 244257.0 838127.0 696808.0 878573.0 318215.0 163158.0 603819.0 576184.0 524397.0 210595.0 414512.0 787029.0 333939.0 112903.0 169293.0 355581.0 436951.0 818479.0 400473.0 410943.0 666576.0 858548.0 578495.0 403211.0 337969.0 195993.0 870049.0 581366.0 133094.0 557658.0 851280.0 157811.0 391966.0 377550.0 827733.0 703852.0 505603.0 172954.0 407754.0 749487.0 610498.0 537229.0 801751.0 318947.0 858214.0 536983.0 365567.0 576427.0 623386.0 397643.0 179516.0 558805.0 0.13274951831783371
600392.0 617470.0 588432.0 407670.0 821900.0 738003.0 338307.0 205089.0 244038.0 846351.0 405340.0 405544.0 309132.0 163254.0 604737.0 570429.0 331340.0 561657.0 408745.0 785965.0 360703.0 147369.0 169260.0 355529.0 448758.0 804999.0 524397.0 210595.0 675945.0 837039.0 851568.0 152154.0 165655.0 321024.0 113259.0 594587.0 138525.0 552586.0 848413.0 185239.0 371464.0 402670.0 828387.0 703759.0 506040.0 173030.0 673254.0 870061.0 840059.0 544008.0 801765.0 318956.0 874312.0 546060.0 366794.0 577739.0 626371.0 397001.0 201324.0 547069.0 0.12351626916053345
659928.0 579105.0 601517.0 436925.0 822533.0 732758.0 566898.0 567239.0 252392.0 818988.0 415227.0 408510.0 321778.0 164182.0 604973.0 574392.0 337899.0 564246.0 168886.0 347877.0 874551.0 546385.0 293261.0 535909.0 458884.0 812560.0 525086.0 213052.0 678606.0 860643.0 134341.0 557929.0 617445.0 391546.0 277152.0 175280.0 640321.0 858721.0 363932.0 150348.0 384467.0 403574.0 410610.0 785432.0 506105.0 173149.0 241473.0 856047.0 840232.0 543768.0 851280.0 157811.0 801780.0 318884.0 374406.0 578014.0 659712.0 406883.0 179830.0 550602.0 0.12414531846668568
846772.0 509047.0 165958.0 576645.0 828861.0 731447.0 528011.0 213083.0 252392.0 818988.0 861048.0 551033.0 321645.0 160782.0 604707.0 570500.0 610199.0 402984.0 184934.0 353940.0 179832.0 531235.0 335264.0 562075.0 157542.0 346304.0 344372.0 195449.0 678869.0 860605.0 130157.0 557376.0 618053.0 367312.0 274891.0 175864.0 600392.0 617470.0 360703.0 110392.0 641840.0 859210.0 415806.0 787439.0 505603.0 173220.0 241473.0 856047.0 399077.0 405103.0 851280.0 157811.0 801664.0 318811.0 395236.0 584808.0 659191.0 416308.0 799903.0 737341.0 0.12121001342449936
267263.0 848349.0 341945.0 565586.0 321556.0 163585.0 408728.0 786380.0 859419.0 539239.0 861745.0 586275.0 399805.0 403831.0 607604.0 574468.0 618406.0 406713.0 194033.0 326461.0 179793.0 535989.0 297110.0 545221.0 158995.0 345127.0 500589.0 173288.0 678737.0 888363.0 112379.0 531044.0 137347.0 564094.0 618157.0 369828.0 566609.0 567033.0 672387.0 854047.0 174834.0 372797.0 448651.0 796523.0 536623.0 192746.0 230591.0 844975.0 407334.0 436191.0 851280.0 157811.0 801765.0 318915.0 373943.0 364266.0 177835.0 576432.0 822258.0 732919.0 0.12646097261953412
257856.0 845420.0 341925.0 565576.0 333910.0 162824.0 600392.0 617470.0 839493.0 545271.0 861840.0 652611.0 395093.0 788099.0 604678.0 570429.0 659192.0 411154.0 224676.0 849354.0 873863.0 545590.0 288748.0 168025.0 641840.0 859210.0 474135.0 153040.0 824418.0 370777.0 779926.0 268664.0 134341.0 557991.0 613443.0 397062.0 825690.0 733183.0 678869.0 860605.0 513271.0 177693.0 425796.0 787029.0 370955.0 399967.0 168886.0 347877.0 405340.0 405641.0 851281.0 157751.0 801662.0 318655.0 297110.0 544468.0 179832.0 548285.0 797093.0 737007.0 0.12377579879858823
801765.0 318915.0 604168.0 573873.0 332562.0 162605.0 293746.0 544468.0 831024.0 531652.0 505392.0 172755.0 389401.0 789520.0 575675.0 401075.0 659309.0 410229.0 230927.0 844967.0 889890.0 535473.0 281640.0 174773.0 822533.0 732758.0 137172.0 531093.0 673254.0 870061.0 105273.0 600907.0 142516.0 561185.0 618349.0 397001.0 267263.0 848638.0 675945.0 837039.0 524502.0 210283.0 459279.0 811764.0 371498.0 401925.0 198333.0 330974.0 405356.0 405610.0 851280.0 157811.0 341698.0 565573.0 417016.0 783776.0 860317.0 551033.0 163981.0 350804.0 0.10695380906120852
801145.0 317527.0 607757.0 574452.0 300672.0 164182.0 821027.0 369066.0 399020.0 405103.0 502500.0 167733.0 410789.0 785615.0 458884.0 812560.0 344364.0 162660.0 230009.0 844460.0 265299.0 849037.0 578495.0 403211.0 822619.0 732573.0 197367.0 545377.0 678294.0 890429.0 828108.0 155703.0 136418.0 558213.0 623386.0 397675.0 331340.0 561657.0 671976.0 858702.0 541476.0 180224.0 680757.0 819935.0 177793.0 363745.0 186082.0 321160.0 504661.0 199204.0 860606.0 157931.0 366794.0 577739.0 566898.0 567239.0 860375.0 546029.0 153595.0 346858.0 0.11049237309573794
851280.0 157811.0 801751.0 318947.0 291752.0 165930.0 604168.0 573951.0 399048.0 405019.0 508144.0 175210.0 410789.0 785615.0 197367.0 545377.0 839386.0 545161.0 252392.0 818988.0 608182.0 436537.0 169994.0 409806.0 828861.0 732082.0 160193.0 350255.0 675382.0 866011.0 458884.0 812560.0 136474.0 558238.0 619335.0 391546.0 331340.0 561657.0 629377.0 861482.0 336085.0 163351.0 659280.0 815098.0 183376.0 361902.0 198415.0 323197.0 800565.0 735023.0 700747.0 824882.0 366794.0 577739.0 241473.0 856047.0 874182.0 546032.0 150513.0 316491.0 0.09885533265609028
851280.0 157811.0 821027.0 369066.0 318240.0 160336.0 604168.0 573853.0 422158.0 409458.0 505117.0 169229.0 407814.0 750353.0 417057.0 792269.0 860375.0 546004.0 127858.0 589497.0 344107.0 195449.0 338588.0 563529.0 828387.0 731447.0 618053.0 371445.0 674134.0 871011.0 392046.0 404212.0 140717.0 549580.0 618377.0 407449.0 289131.0 537125.0 542963.0 181909.0 360945.0 144355.0 168977.0 347830.0 669664.0 838937.0 272872.0 175936.0 797861.0 737238.0 801145.0 317527.0 386375.0 581300.0 265299.0 849037.0 503486.0 199953.0 230009.0 844460.0 0.1037348389392788
859318.0 172302.0 608543.0 572997.0 800959.0 317300.0 566898.0 564932.0 411171.0 436764.0 473505.0 155081.0 417016.0 783776.0 459279.0 811764.0 874182.0 546032.0 401719.0 400546.0 513095.0 177502.0 378648.0 579579.0 822574.0 732708.0 618253.0 398383.0 389401.0 789520.0 368183.0 403771.0 134341.0 557929.0 839184.0 545585.0 296763.0 545544.0 179832.0 549807.0 321213.0 163922.0 168886.0 347877.0 673371.0 869692.0 338474.0 563505.0 850153.0 146564.0 818622.0 355939.0 600623.0 621266.0 267263.0 848638.0 673574.0 836629.0 230927.0 844967.0 0.10805350379710653
851280.0 157811.0 604162.0 573815.0 820350.0 763117.0 369418.0 796221.0 508852.0 166889.0 801183.0 317772.0 618349.0 398408.0 459328.0 812039.0 860379.0 546016.0 400693.0 410685.0 489220.0 189625.0 418152.0 781332.0 179206.0 562070.0 823108.0 728049.0 397678.0 788968.0 824212.0 371970.0 133437.0 557529.0 320821.0 181792.0 537174.0 213083.0 289299.0 534379.0 321778.0 148222.0 182239.0 352868.0 673312.0 860576.0 337087.0 563840.0 387039.0 376230.0 155506.0 345032.0 229970.0 848326.0 271093.0 864044.0 374012.0 578014.0 252586.0 813868.0 0.09012475112295247
860606.0 157931.0 604168.0 573951.0 821895.0 738035.0 417023.0 792218.0 509951.0 174306.0 800959.0 317300.0 619339.0 392133.0 473361.0 153464.0 874125.0 545982.0 174116.0 424481.0 524449.0 213098.0 607923.0 436684.0 293746.0 541094.0 828478.0 703822.0 407814.0 750353.0 819195.0 355358.0 138734.0 557986.0 305617.0 164192.0 185253.0 319750.0 839184.0 545585.0 345468.0 162367.0 170652.0 354704.0 678961.0 860599.0 828108.0 155703.0 399048.0 405019.0 140111.0 343494.0 230927.0 844967.0 267478.0 848608.0 341823.0 565575.0 641840.0 859210.0 0.11133661001407498
