822619.0 548039.0 416199.0 841768.0 589180.0 411933.0 506069.0 164482.0 174391.0 545384.0 0.4022007998705412
814561.0 366545.0 693890.0 797241.0 403826.0 172943.0 401554.0 566682.0 172879.0 555514.0 0.29904566922850573
609344.0 401688.0 820358.0 730463.0 507573.0 165130.0 174060.0 543635.0 366654.0 820061.0 0.42393824038733835
589180.0 411933.0 822619.0 548039.0 506069.0 164482.0 174391.0 545384.0 416199.0 841768.0 0.4022007998705412
589180.0 411933.0 822619.0 548039.0 506069.0 164482.0 174391.0 545384.0 416199.0 841768.0 0.4022007998705412
595313.0 417749.0 842903.0 319323.0 209102.0 561481.0 390934.0 173867.0 673429.0 788250.0 0.43101145989038364
609344.0 401688.0 507573.0 165130.0 174057.0 543395.0 367026.0 819850.0 820358.0 730463.0 0.42393824038733835
397508.0 387160.0 508121.0 164422.0 241397.0 572855.0 811502.0 549222.0 606289.0 816784.0 0.4334739448286265
396518.0 389839.0 443618.0 170964.0 242087.0 573825.0 838302.0 322273.0 653668.0 766291.0 0.3489038666379822
209102.0 561481.0 390934.0 174091.0 596481.0 418243.0 842903.0 319323.0 673449.0 788256.0 0.43017189835575487
400902.0 566654.0 172880.0 555426.0 814561.0 366545.0 415822.0 172913.0 693741.0 796432.0 0.29830629354586125
407482.0 568547.0 174017.0 555665.0 415508.0 173030.0 803395.0 319683.0 814629.0 734857.0 0.30715511179160826
209102.0 561481.0 673429.0 788250.0 390934.0 173867.0 595313.0 417749.0 842903.0 319323.0 0.43101145989038364
606011.0 401451.0 416019.0 842011.0 507092.0 164846.0 837880.0 587401.0 174664.0 545098.0 0.42042347587029577
606011.0 401451.0 174664.0 545098.0 507092.0 164846.0 837880.0 587401.0 416019.0 842011.0 0.42042347587029577
820013.0 240094.0 210548.0 560614.0 400470.0 183239.0 629533.0 537039.0 673953.0 790566.0 0.37113477827603386
339732.0 334382.0 242519.0 574552.0 803986.0 180351.0 631846.0 537971.0 674399.0 790977.0 0.38771191999118476
311093.0 404912.0 298889.0 817657.0 801621.0 178091.0 608711.0 436831.0 818640.0 732332.0 0.353608927757062
242087.0 573825.0 443618.0 170964.0 396518.0 389839.0 838302.0 322273.0 653668.0 766291.0 0.3489038666379822
813943.0 735588.0 383943.0 174340.0 598657.0 418472.0 820675.0 229116.0 240264.0 570271.0 0.46693348104225596
813943.0 735588.0 383943.0 174340.0 598657.0 418472.0 820675.0 229116.0 240264.0 570271.0 0.46693348104225596
673429.0 788250.0 390934.0 173867.0 595313.0 417749.0 842903.0 319323.0 209102.0 561481.0 0.43101145989038364
693741.0 796432.0 404288.0 172932.0 401478.0 566654.0 814561.0 366545.0 172879.0 555514.0 0.2989159979452089
313609.0 819639.0 327927.0 183232.0 353666.0 551893.0 802482.0 320673.0 812295.0 732798.0 0.41622335750235967
174656.0 545221.0 400548.0 185066.0 820947.0 577161.0 801469.0 318644.0 416019.0 842011.0 0.397777272200449
174017.0 545664.0 391186.0 174220.0 833688.0 496155.0 597620.0 419802.0 416433.0 841758.0 0.3823810555406644
390934.0 174184.0 416433.0 841758.0 833688.0 496155.0 174017.0 545664.0 597585.0 419771.0 0.38246183484060164
606011.0 401451.0 416019.0 842011.0 837880.0 587401.0 507092.0 164846.0 174664.0 545098.0 0.42042347587029577
394436.0 391545.0 805658.0 733788.0 814477.0 312199.0 443618.0 170964.0 325125.0 588147.0 0.30288943993821765
680228.0 582116.0 392428.0 565687.0 818668.0 248465.0 448231.0 172980.0 172860.0 554870.0 0.28725306348406787
